Date,Open,High,Low,Close,Volume,Change
2013-07-29,3326,3336,3134,3149,423571,
2013-07-30,3154,3225,2982,3038,650667,-0.03524928548745632
2013-07-31,3042,3103,3027,3068,303455,0.00987491770901916
2013-08-01,3078,3159,3032,3154,299120,0.028031290743155246
2013-08-02,3154,3184,3078,3078,259653,-0.02409638554216864
2013-08-05,3007,3048,2967,3038,300390,-0.01299545159194282
2013-08-06,3068,3068,2982,2992,274292,-0.015141540487162652
2013-08-07,2992,3022,2951,2962,315258,-0.010026737967914423
2013-08-08,2961,3027,2956,3013,124824,0.01721809588116141
2013-08-09,3042,3048,2931,2957,243098,-0.01858612678393623
2013-08-12,2977,2987,2835,2876,438085,-0.027392627663172187
2013-08-13,2850,2880,2739,2739,609521,-0.047635605006954074
2013-08-14,2744,2875,2744,2856,544272,0.042716319824753546
2013-08-16,2810,2916,2784,2916,314079,0.021008403361344463
2013-08-19,2921,2956,2896,2952,196768,0.012345679012345734
2013-08-20,2921,3037,2916,2927,466826,-0.008468834688346916
2013-08-21,2926,2951,2860,2942,224079,0.005124701059104897
2013-08-22,2880,2926,2799,2800,234906,-0.048266485384092506
2013-08-23,2799,2941,2799,2932,166453,0.04714285714285715
2013-08-26,2936,3063,2936,3053,356036,0.041268758526602944
2013-08-27,3073,3118,2997,3013,399041,-0.013101867016049762
2013-08-28,2946,2967,2896,2921,320982,-0.03053435114503822
2013-08-29,2926,3007,2911,2992,171816,0.024306744265662372
2013-08-30,2992,3027,2946,2947,148151,-0.015040106951871635
2013-09-02,2961,2967,2896,2947,171825,0.0
2013-09-03,2946,3012,2946,3002,286585,0.018663047166610047
2013-09-04,3012,3042,2977,3013,245798,0.0036642238507662572
2013-09-05,3037,3037,2972,2987,164403,-0.008629273149684646
2013-09-06,3002,3002,2911,2967,262839,-0.006695681285570854
2013-09-09,2992,3002,2956,2977,144345,0.003370407819346166
2013-09-10,2982,3037,2982,2997,115790,0.006718172657037336
2013-09-11,3027,3083,2997,3058,360318,0.020353687020353783
2013-09-12,3058,3088,3017,3063,146506,0.0016350555918900334
2013-09-13,3063,3088,3022,3058,178570,-0.00163238654913489
2013-09-16,3053,3129,3053,3084,237150,0.008502289077828573
2013-09-17,3103,3108,3048,3084,155990,0.0
2013-09-23,3063,3129,3063,3099,189891,0.004863813229571967
2013-09-24,3098,3118,3078,3109,136662,0.0032268473701193567
2013-09-25,3113,3118,3073,3084,99530,-0.008041170794467645
2013-09-26,3053,3108,3027,3084,138653,0.0
2013-09-27,3088,3088,3053,3068,72183,-0.005188067444876765
2013-09-30,3058,3068,3012,3023,132840,-0.01466753585397651
2013-10-01,2992,3037,2951,2952,163959,-0.02348660271253722
2013-10-02,2951,3053,2951,3023,118198,0.024051490514905183
2013-10-04,3022,3139,3017,3139,369265,0.038372477671187566
2013-10-07,3159,3215,3124,3139,243612,0.0
2013-10-08,3118,3164,3073,3104,112620,-0.011150047785919104
2013-10-10,3078,3139,3068,3089,106470,-0.0048324742268041065
2013-10-11,3113,3149,3083,3104,91914,0.004855940433797334
2013-10-14,3103,3189,3083,3190,250973,0.02770618556701021
2013-10-15,3210,3215,3139,3175,153345,-0.00470219435736674
2013-10-16,3164,3189,3068,3089,204864,-0.02708661417322833
2013-10-17,3098,3124,3027,3038,177271,-0.016510197474911004
2013-10-18,3012,3063,3002,3008,99988,-0.009874917709019049
2013-10-21,3012,3042,3007,3018,59774,0.0033244680851063357
2013-10-22,3068,3083,3022,3048,81537,0.00994035785288272
2013-10-23,3032,3042,3002,3028,66610,-0.006561679790026198
2013-10-24,3002,3058,2987,3018,115016,-0.0033025099075296716
2013-10-25,3027,3027,2936,2962,140748,-0.018555334658714395
2013-10-28,2961,2987,2850,2927,243189,-0.01181634031060097
2013-10-29,2931,2946,2875,2932,94699,0.001708233686368299
2013-10-30,2931,2936,2891,2937,102087,0.0017053206002728416
2013-10-31,2911,3053,2906,3023,200841,0.029281579843377648
2013-11-01,2997,3048,2987,3048,77449,0.008269930532583514
2013-11-04,3058,3169,3027,3165,431078,0.038385826771653475
2013-11-05,3164,3174,3113,3129,154356,-0.011374407582938395
2013-11-06,3118,3159,3088,3109,137170,-0.006391818472355371
2013-11-07,3093,3118,3032,3043,110495,-0.021228690897394653
2013-11-08,2997,3037,2926,2947,129661,-0.031547814656588846
2013-11-11,2946,3032,2860,2896,149518,-0.017305734645402082
2013-11-12,2875,2982,2875,2972,115160,0.026243093922651894
2013-11-13,2977,3002,2870,2916,104364,-0.018842530282637937
2013-11-14,2916,2967,2916,2967,62729,0.017489711934156382
2013-11-15,2997,3007,2941,3002,80931,0.011796427367711582
2013-11-18,3002,3012,2850,2886,271543,-0.038640906062624936
2013-11-19,2855,2886,2784,2795,261893,-0.03153153153153154
2013-11-20,2794,2835,2784,2795,67025,0.0
2013-11-21,2815,2825,2759,2770,83907,-0.008944543828264706
2013-11-22,2799,2810,2779,2785,40788,0.005415162454873723
2013-11-25,2789,2830,2789,2815,36975,0.010771992818671361
2013-11-26,2835,2967,2794,2921,205095,0.0376554174067496
2013-11-27,2941,2956,2911,2952,77551,0.010612803834303408
2013-11-28,2926,2997,2926,2997,130338,0.015243902439024293
2013-11-29,3002,3058,2997,3013,146318,0.005338672005338774
2013-12-02,2997,3032,2967,2972,89255,-0.013607699966810438
2013-12-03,2972,3053,2972,3038,125953,0.022207267833109112
2013-12-04,3058,3088,3022,3053,172436,0.004937458854509469
2013-12-05,3053,3088,3048,3058,111291,0.001637733377006123
2013-12-06,3048,3118,3048,3104,75411,0.01504251144538915
2013-12-09,3139,3144,3098,3104,127168,0.0
2013-12-10,3078,3124,3022,3099,240367,-0.0016108247422680355
2013-12-11,3108,3108,3053,3058,97310,-0.013230074217489562
2013-12-12,3027,3108,3022,3109,75073,0.016677567037279184
2013-12-13,3098,3124,3073,3094,105494,-0.0048247024766806534
2013-12-16,3093,3124,3073,3094,57928,0.0
2013-12-17,3113,3124,3073,3114,85736,0.006464124111182912
2013-12-18,3139,3493,3129,3281,1208544,0.05362877328195248
2013-12-19,3377,3382,3260,3337,599305,0.017067967083206348
2013-12-20,3372,3372,3286,3342,232605,0.0014983518130056162
2013-12-23,3387,3493,3372,3413,590514,0.021244763614602036
2013-12-24,3432,3498,3417,3499,373912,0.02519777322004102
2013-12-26,3498,3549,3442,3499,358355,0.0
2013-12-27,3473,3554,3448,3529,232220,0.008573878250928813
2013-12-30,3549,3569,3513,3544,166301,0.004250495891187311
2014-01-02,3559,3564,3372,3418,561698,-0.035553047404063176
2014-01-03,3402,3442,3275,3367,455730,-0.014921006436512618
2014-01-06,3392,3432,3341,3418,218754,0.01514701514701522
2014-01-07,3367,3392,3336,3352,205516,-0.01930953774136923
2014-01-08,3392,3448,3367,3443,231724,0.02714797136038194
2014-01-09,3442,3483,3422,3443,200536,0.0
2014-01-10,3508,3513,3422,3433,336393,-0.002904443799012446
2014-01-13,3402,3473,3402,3418,178264,-0.004369356248179468
2014-01-14,3402,3463,3392,3408,163690,-0.0029256875365710755
2014-01-15,3417,3442,3382,3382,189757,-0.007629107981220629
2014-01-16,3392,3412,3275,3316,298395,-0.01951507983441747
2014-01-17,3331,3336,3250,3271,193825,-0.013570566948130303
2014-01-20,3291,3326,3245,3327,108544,0.017120146744114884
2014-01-21,3326,3351,3255,3256,133603,-0.021340547039374824
2014-01-22,3286,3301,3230,3301,120471,0.013820638820638775
2014-01-23,3326,3397,3301,3362,260716,0.018479248712511387
2014-01-24,3356,3372,3291,3352,86710,-0.002974419988102328
2014-01-27,3255,3280,3215,3281,159993,-0.021181384248210033
2014-01-28,3341,3341,3255,3342,132246,0.01859189271563544
2014-01-29,3341,3417,3331,3392,182206,0.014961101137043631
2014-02-03,3407,3407,3316,3347,76528,-0.013266509433962237
2014-02-04,3280,3280,3194,3230,137792,-0.03495667762175081
2014-02-05,3245,3286,3189,3210,115685,-0.006191950464396245
2014-02-06,3189,3235,3164,3215,134920,0.0015576323987538387
2014-02-07,3220,3280,3199,3230,114773,0.004665629860031162
2014-02-10,3265,3275,3220,3266,123554,0.011145510835913308
2014-02-11,3291,3311,3230,3246,110473,-0.006123698714023296
2014-02-12,3250,3280,3189,3195,140259,-0.015711645101663563
2014-02-13,3194,3210,3093,3159,218412,-0.011267605633802802
2014-02-14,3139,3215,3124,3215,139599,0.017727128838239903
2014-02-17,3215,3245,3149,3165,129084,-0.015552099533437058
2014-02-18,3144,3189,3129,3170,147995,0.0015797788309637184
2014-02-19,3169,3189,3129,3159,103426,-0.0034700315457413256
2014-02-20,3164,3164,3058,3068,167208,-0.028806584362139898
2014-02-21,3037,3159,3037,3159,172685,0.029661016949152463
2014-02-24,3179,3179,3083,3089,93494,-0.02215891104779999
2014-02-25,3053,3088,3012,3048,167405,-0.013272903852379447
2014-02-26,3048,3083,3007,3048,158923,0.0
2014-02-27,3063,3083,3037,3063,66511,0.004921259842519676
2014-02-28,3073,3103,3037,3084,106857,0.006856023506366382
2014-03-03,3083,3083,2982,3002,125582,-0.02658884565499353
2014-03-04,3012,3012,2961,2987,107637,-0.004996668887408351
2014-03-05,3012,3027,2997,3008,111328,0.007030465349849413
2014-03-06,2987,3083,2961,3073,149881,0.021609042553191404
2014-03-07,3073,3134,3073,3094,126275,0.006833712984054774
2014-03-10,3088,3093,3027,3058,100995,-0.011635423400129241
2014-03-11,3078,3078,3027,3048,84614,-0.0032701111837802888
2014-03-12,3063,3063,2982,2982,127115,-0.021653543307086576
2014-03-13,2967,2997,2921,2982,164107,0.0
2014-03-14,2936,3118,2936,3094,299965,0.03755868544600949
2014-03-17,3108,3108,3027,3058,140873,-0.011635423400129241
2014-03-18,3073,3083,2961,3018,89267,-0.013080444735121044
2014-03-19,2997,3058,2997,3018,69148,0.0
2014-03-20,3017,3068,3007,3053,106310,0.01159708416169658
2014-03-21,3088,3093,3002,3008,129526,-0.014739600393055996
2014-03-24,3007,3027,2951,2987,185623,-0.006981382978723416
2014-03-25,2982,3053,2961,3028,82426,0.013726146635420156
2014-03-26,3007,3083,3002,3058,165841,0.009907529722589237
2014-03-27,3063,3068,2987,3023,147695,-0.0114453891432309
2014-03-28,3022,3032,2992,2992,99549,-0.010254713860403553
2014-03-31,2987,3022,2961,2962,218920,-0.010026737967914423
2014-04-01,2972,3002,2946,2977,117105,0.0050641458474003365
2014-04-02,2961,3012,2961,3013,162969,0.01209271078266716
2014-04-03,3037,3073,3017,3043,226344,0.009956853634251583
2014-04-04,3068,3068,3022,3043,109784,0.0
2014-04-07,3032,3068,3012,3053,123297,0.0032862306933947316
2014-04-08,3037,3063,3012,3023,105220,-0.009826400262037294
2014-04-09,3022,3093,3022,3084,191135,0.020178630499503747
2014-04-10,3088,3088,3048,3068,116061,-0.005188067444876765
2014-04-11,3048,3073,3012,3048,69641,-0.006518904823989535
2014-04-14,3032,3068,3022,3053,129092,0.0016404199475066328
2014-04-15,3058,3063,3017,3023,139226,-0.009826400262037294
2014-04-16,3027,3053,2992,3002,163878,-0.0069467416473701915
2014-04-17,3007,3037,2961,2977,140671,-0.00832778147901403
2014-04-18,2977,2997,2946,2987,128683,0.003359086328518668
2014-04-21,2992,3118,2992,3104,347656,0.03916973552058911
2014-04-22,3159,3341,3113,3266,1156770,0.05219072164948457
2014-04-23,3280,3291,3210,3256,361446,-0.0030618493570115923
2014-04-24,3275,3296,3194,3251,315325,-0.0015356265356265553
2014-04-25,3286,3336,3240,3281,258085,0.009227929867732909
2014-04-28,3265,3326,3240,3276,209278,-0.0015239256324290906
2014-04-29,3275,3311,3189,3200,310218,-0.023199023199023228
2014-04-30,3240,3240,3154,3200,245632,0.0
2014-05-02,3215,3341,3215,3311,360620,0.03468749999999998
2014-05-07,3306,3331,3220,3220,184420,-0.02748414376321351
2014-05-08,3210,3275,3078,3200,411533,-0.006211180124223614
2014-05-09,3286,3397,3275,3301,744102,0.03156249999999994
2014-05-12,3306,3402,3245,3377,399617,0.02302332626476833
2014-05-13,3397,3478,3392,3402,441512,0.007403020432336316
2014-05-14,3392,3458,3351,3413,187851,0.0032333921222809092
2014-05-15,3468,3468,3341,3387,233492,-0.007617931438616998
2014-05-16,3351,3382,3311,3367,163659,-0.005904930617065207
2014-05-19,3346,3387,3255,3316,241619,-0.015147015147015108
2014-05-20,3341,3356,3215,3271,162221,-0.013570566948130303
2014-05-21,3346,3493,3326,3463,635242,0.05869764597982274
2014-05-22,3463,3524,3427,3494,334390,0.008951775916835158
2014-05-23,3503,3534,3437,3504,195504,0.0028620492272466436
2014-05-26,3513,3574,3488,3499,269321,-0.0014269406392694028
2014-05-27,3518,3544,3427,3478,233172,-0.0060017147756501465
2014-05-28,3468,3503,3402,3402,165772,-0.021851638872915413
2014-05-29,3407,3468,3367,3458,148368,0.016460905349794164
2014-05-30,3473,3569,3458,3565,450696,0.03094274146905729
2014-06-02,3589,3589,3453,3514,267125,-0.014305750350631086
2014-06-03,3544,3544,3453,3494,141584,-0.00569151963574277
2014-06-05,3493,3524,3422,3443,177407,-0.014596451058958237
2014-06-09,3473,3513,3321,3418,243363,-0.007261109497531226
2014-06-10,3417,3529,3402,3519,236229,0.029549444119367996
2014-06-11,3529,3670,3513,3666,667427,0.04177323103154307
2014-06-12,3736,3782,3625,3651,482612,-0.004091653027823217
2014-06-13,3640,3701,3635,3671,135797,0.005477951246233959
2014-06-16,3746,3772,3701,3711,417059,0.010896213565785962
2014-06-17,3767,3848,3726,3813,468615,0.027485852869846505
2014-06-18,3837,3837,3777,3813,148550,0.0
2014-06-19,3812,3858,3787,3848,217644,0.009179124049305099
2014-06-20,3848,3848,3746,3823,213463,-0.006496881496881546
2014-06-23,3822,3842,3777,3787,121784,-0.009416688464556677
2014-06-24,3832,3837,3605,3716,579815,-0.018748349617111137
2014-06-25,3721,3746,3680,3711,111925,-0.0013455328310010284
2014-06-26,3721,3868,3721,3858,247528,0.039611964430072755
2014-06-27,3873,3918,3827,3919,190825,0.015811301192327543
2014-06-30,3923,4025,3923,3985,364268,0.016841030875223373
2014-07-01,3999,4015,3923,3975,232964,-0.0025094102885822034
2014-07-02,3959,3994,3939,3949,161032,-0.006540880503144608
2014-07-03,3979,4015,3903,3959,171470,0.0025322866548493916
2014-07-04,3994,4045,3913,3924,180950,-0.00884061631725186
2014-07-07,3858,3969,3858,3899,162152,-0.006371049949031593
2014-07-08,3923,3974,3883,3899,117828,0.0
2014-07-09,3883,4040,3868,3959,216353,0.015388561169530579
2014-07-10,3994,3994,3848,3904,231533,-0.013892397069967144
2014-07-11,3858,3939,3858,3929,185678,0.006403688524590168
2014-07-14,3939,3959,3878,3919,135791,-0.002545176889793832
2014-07-15,3949,3994,3873,3878,237148,-0.010461852513396264
2014-07-16,3893,3898,3670,3868,440151,-0.002578648788035043
2014-07-17,3883,3964,3832,3949,168168,0.020941054808686577
2014-07-18,3929,3964,3888,3919,95281,-0.007596859964547953
2014-07-21,3929,3979,3868,3954,128497,0.008930849706557886
2014-07-22,3984,4080,3959,3985,389213,0.007840161861406125
2014-07-23,3984,4015,3944,3959,187367,-0.006524466750313707
2014-07-24,3974,3974,3817,3868,271156,-0.022985602424854812
2014-07-25,3848,3868,3731,3737,338354,-0.03386763185108588
2014-07-28,3731,3792,3625,3656,263394,-0.021675140487021682
2014-07-29,3645,3670,3524,3625,316945,-0.008479212253829305
2014-07-30,3594,3645,3539,3595,166228,-0.008275862068965467
2014-07-31,3569,3630,3493,3585,248978,-0.0027816411682892728
2014-08-01,3544,3640,3518,3630,149966,0.012552301255230214
2014-08-04,3640,3797,3589,3732,277606,0.028099173553719048
2014-08-05,3777,3797,3686,3686,201866,-0.012325830653804881
2014-08-06,3691,3731,3620,3671,72967,-0.0040694519804665985
2014-08-07,3736,3746,3640,3656,69025,-0.004086080087169708
2014-08-08,3635,3686,3564,3671,92354,0.004102844638949721
2014-08-11,3670,3701,3584,3656,175086,-0.004086080087169708
2014-08-12,3645,3691,3615,3666,89502,0.00273522975929974
2014-08-13,3665,3696,3630,3661,72896,-0.0013638843426077019
2014-08-14,3650,3772,3650,3772,129562,0.03031958481289254
2014-08-18,3792,3797,3680,3747,167386,-0.006627783669141074
2014-08-19,3746,3812,3726,3767,131740,0.00533760341606615
2014-08-20,3792,3797,3721,3727,67668,-0.010618529333687232
2014-08-21,3772,3797,3731,3767,96682,0.010732492621411405
2014-08-22,3767,3822,3751,3777,82278,0.0026546323334217803
2014-08-25,3797,3797,3686,3686,114374,-0.024093195657929556
2014-08-26,3691,3736,3670,3727,89099,0.01112316874660868
2014-08-27,3711,3741,3670,3706,125491,-0.00563455862624096
2014-08-28,3686,3741,3655,3676,82254,-0.008094981111710697
2014-08-29,3645,3686,3594,3640,103896,-0.009793253536452662
2014-09-01,3640,3670,3605,3656,73214,0.00439560439560438
2014-09-02,3630,3711,3630,3666,61054,0.00273522975929974
2014-09-03,3670,3691,3539,3549,193272,-0.03191489361702127
2014-09-04,3544,3610,3407,3544,295154,-0.0014088475626937713
2014-09-05,3594,3594,3539,3590,136909,0.012979683972911937
2014-09-11,3605,3630,3564,3585,84026,-0.0013927576601671099
2014-09-12,3554,3605,3508,3529,118472,-0.015620641562064108
2014-09-15,3508,3605,3463,3514,107513,-0.004250495891187311
2014-09-16,3488,3493,3417,3468,155322,-0.013090495162208282
2014-09-17,3453,3513,3453,3504,147803,0.01038062283737018
2014-09-18,3458,3529,3458,3504,111484,0.0
2014-09-19,3503,3564,3493,3554,108621,0.014269406392694028
2014-09-22,3554,3569,3473,3539,117895,-0.004220596510973507
2014-09-23,3518,3594,3518,3570,171622,0.0087595365922577
2014-09-24,3544,3594,3544,3585,144959,0.004201680672268893
2014-09-25,3584,3675,3584,3646,222222,0.01701534170153418
2014-09-26,3645,3660,3605,3651,103857,0.0013713658804168638
2014-09-29,3650,3680,3544,3635,143752,-0.004382360996987078
2014-09-30,3599,3650,3559,3595,87391,-0.011004126547455306
2014-10-01,3645,3645,3564,3595,69079,0.0
2014-10-02,3559,3620,3539,3610,76041,0.004172461752433909
2014-10-06,3615,3620,3554,3565,67157,-0.012465373961218829
2014-10-07,3529,3605,3493,3580,61658,0.004207573632538653
2014-10-08,3544,3610,3539,3595,42801,0.0041899441340782495
2014-10-10,3564,3610,3508,3524,60827,-0.019749652294853925
2014-10-13,3513,3513,3346,3418,164318,-0.030079455164585656
2014-10-14,3392,3442,3382,3438,40395,0.005851375073142151
2014-10-15,3453,3453,3367,3392,129289,-0.013379872018615457
2014-10-16,3392,3463,3275,3453,106490,0.017983490566037652
2014-10-17,3453,3518,3402,3463,81286,0.002896032435563356
2014-10-20,3498,3513,3412,3433,66940,-0.008663008951775963
2014-10-21,3432,3468,3361,3372,76491,-0.01776871540926306
2014-10-22,3387,3837,3372,3590,563610,0.06465005931198098
2014-10-23,3645,3680,3594,3615,323543,0.0069637883008355494
2014-10-24,3660,3665,3539,3559,115134,-0.015491009681880996
2014-10-27,3620,3620,3544,3565,48866,0.0016858668165213864
2014-10-28,3564,3594,3498,3565,128124,0.0
2014-10-29,3584,3625,3554,3559,99684,-0.001683029453015461
2014-10-30,3569,3645,3539,3585,142376,0.007305422871593192
2014-10-31,3599,3726,3569,3701,328971,0.03235704323570432
2014-11-03,3756,3918,3736,3813,894006,0.03026209132666846
2014-11-04,3787,3853,3711,3752,344595,-0.01599790191450301
2014-11-05,3787,3888,3731,3848,428008,0.02558635394456288
2014-11-06,3848,3863,3670,3732,323389,-0.03014553014553012
2014-11-07,3726,3842,3696,3838,245480,0.028403001071811262
2014-11-10,3868,3944,3802,3828,312216,-0.002605523710265789
2014-11-11,3898,4045,3878,4025,751236,0.051462904911180773
2014-11-12,4035,4182,3999,4132,930410,0.026583850931676922
2014-11-13,4167,4334,4091,4304,1095311,0.04162633107454017
2014-11-14,4283,4344,4161,4177,588624,-0.02950743494423791
2014-11-17,4177,4248,4086,4127,763414,-0.0119703136222169
2014-11-18,4101,4161,4080,4152,221411,0.006057669008965316
2014-11-19,4151,4167,4050,4132,414724,-0.004816955684007751
2014-11-20,4111,4253,4060,4162,309831,0.007260406582768608
2014-11-21,4263,4521,4232,4491,1241564,0.07904853435848147
2014-11-24,4551,4556,4354,4354,583961,-0.03050545535515481
2014-11-25,4359,4470,4344,4456,410800,0.023426734037666597
2014-11-26,4430,4430,4303,4324,444577,-0.029622980251346465
2014-11-27,4354,4354,4212,4299,358037,-0.005781683626271961
2014-11-28,4323,4389,4202,4202,230535,-0.022563386834147492
2014-12-01,4202,4278,4151,4273,201030,0.0168967158495954
2014-12-02,4273,4470,4167,4400,466812,0.029721507137842273
2014-12-03,4440,4501,4399,4435,318521,0.007954545454545547
2014-12-04,4430,4496,4384,4385,210157,-0.011273957158962844
2014-12-05,4369,4420,4126,4142,1069122,-0.055416191562143724
2014-12-08,4197,4344,4192,4324,382814,0.04394012554321591
2014-12-09,4323,4415,4308,4415,408369,0.021045328399629915
2014-12-10,4384,4440,4329,4344,177356,-0.016081540203850553
2014-12-11,4334,4374,4187,4228,229510,-0.026703499079189674
2014-12-12,4217,4268,4136,4223,152565,-0.0011825922421948576
2014-12-15,4101,4207,4070,4106,351553,-0.027705422685294856
2014-12-16,4146,4146,3934,3975,454529,-0.031904529956161665
2014-12-17,3974,4055,3903,3970,286498,-0.0012578616352201255
2014-12-18,3999,4096,3939,4025,685181,0.01385390428211597
2014-12-19,4025,4172,3999,4106,371576,0.02012422360248456
2014-12-22,4106,4156,4065,4121,204161,0.003653190452995725
2014-12-23,4146,4177,4060,4076,379454,-0.010919679689395778
2014-12-24,4106,4106,4010,4025,167735,-0.01251226692836116
2014-12-26,4020,4121,3974,4101,304188,0.018881987577639814
2014-12-29,4045,4212,4005,4116,341901,0.003657644476956934
2014-12-30,4116,4116,3984,4030,173153,-0.020894071914480117
2015-01-02,4045,4045,3974,4030,115288,0.0
2015-01-05,4040,4086,3999,4020,245255,-0.002481389578163795
2015-01-06,3974,4156,3944,4061,577283,0.010199004975124382
2015-01-07,4040,4146,4035,4101,347763,0.00984979069194769
2015-01-08,4141,4217,4096,4202,460632,0.024628139478175992
2015-01-09,4227,4242,4146,4167,357389,-0.008329366968110374
2015-01-12,4177,4369,4177,4349,718683,0.04367650587952965
2015-01-13,4354,4551,4318,4349,1156983,0.0
2015-01-14,4379,4435,4308,4405,329298,0.012876523338698487
2015-01-15,4420,4420,4268,4354,454476,-0.011577752553916021
2015-01-16,4359,4359,4202,4273,464294,-0.018603582912264605
2015-01-19,4323,4465,4278,4451,554949,0.0416569155160309
2015-01-20,4496,4501,4364,4446,327487,-0.001123343068973215
2015-01-21,4435,4612,4374,4542,1098057,0.021592442645074206
2015-01-22,4556,4789,4521,4739,1824490,0.043372963452223745
2015-01-23,4931,5139,4901,5038,3415136,0.06309347963705414
2015-01-26,5058,5493,5048,5291,2939587,0.05021834061135366
2015-01-27,5265,5442,5215,5316,3123043,0.0047250047250047
2015-01-28,5316,5518,5240,5316,1262865,0.0
2015-01-29,5291,5341,5113,5190,1079714,-0.023702031602708784
2015-01-30,5215,5265,5053,5139,1272566,-0.009826589595375745
2015-02-02,5113,5215,5063,5164,1099265,0.004864759680871744
2015-02-03,5189,5215,5063,5164,740351,0.0
2015-02-04,5215,5620,5088,5620,2313906,0.088303640588691
2015-02-05,5594,5645,5341,5392,1900339,-0.04056939501779355
2015-02-06,5341,5493,5240,5418,1592450,0.004821958456973308
2015-02-09,5417,5442,5053,5139,1505272,-0.05149501661129563
2015-02-10,5063,5189,4946,5114,885453,-0.004864759680871744
2015-02-11,5088,5189,5063,5139,570106,0.0048885412592882815
2015-02-12,5164,5240,5048,5215,764616,0.014788869429850138
2015-02-13,5341,5341,5139,5164,734098,-0.009779482262703754
2015-02-16,5164,5189,5037,5053,514819,-0.021494965143299738
2015-02-17,5088,5291,5058,5114,1032488,0.012072036414011444
2015-02-23,5215,5240,5027,5089,799843,-0.0048885412592882815
2015-02-24,5063,5113,4967,5063,494363,-0.005109058754175666
2015-02-25,5032,5215,5027,5038,888261,-0.0049377839225756
2015-02-26,5037,5113,4967,5089,708233,0.010123064708217555
2015-02-27,5139,5164,5053,5114,671851,0.0049125564943997
2015-03-02,5139,5139,4926,4977,780405,-0.02678920610089952
2015-03-03,4956,5007,4759,4815,1124044,-0.032549728752260365
2015-03-04,4789,4880,4759,4780,743711,-0.007268951194184803
2015-03-05,4961,5189,4956,5089,2326909,0.06464435146443526
2015-03-06,5063,5113,4972,5063,601586,-0.005109058754175666
2015-03-09,5037,5088,4921,4962,629228,-0.019948647047205226
2015-03-10,4941,5053,4810,4856,563278,-0.021362353889560648
2015-03-11,4764,4860,4744,4835,421234,-0.004324546952224062
2015-03-12,4865,4982,4799,4937,390836,0.02109617373319539
2015-03-13,4951,4987,4784,4846,391747,-0.018432246303423105
2015-03-16,4820,5139,4713,5114,1368274,0.055303342963268776
2015-03-17,5164,5189,5048,5089,778402,-0.0048885412592882815
2015-03-18,5063,5088,4886,4886,813003,-0.0398899587345255
2015-03-19,4941,5032,4815,4881,533364,-0.001023331968890706
2015-03-20,4840,4916,4754,4916,678351,0.007170661749641427
2015-03-23,4972,4982,4835,4876,623321,-0.008136696501220508
2015-03-24,4875,5088,4784,5013,1052795,0.028096800656275622
2015-03-25,5063,5164,5037,5114,1229435,0.02014761619788552
2015-03-26,5058,5164,4951,4987,572661,-0.024833789597184186
2015-03-27,4992,5048,4840,4881,522150,-0.021255263685582504
2015-03-30,4875,4992,4865,4901,269309,0.004097520999795101
2015-03-31,4946,4961,4794,4911,500709,0.002040399918384006
2015-04-01,4906,5042,4825,5008,581310,0.019751578090001942
2015-04-02,5088,5139,4977,4997,610304,-0.0021964856230032304
2015-04-03,5012,5113,5007,5028,543486,0.006203722233339981
2015-04-06,5164,5442,5113,5367,2638589,0.0674224343675418
2015-04-07,5417,5822,5316,5645,4503397,0.051798024967393275
2015-04-08,5645,5848,5594,5645,2824348,0.0
2015-04-09,5670,5797,5544,5772,1578940,0.022497785651018676
2015-04-10,5772,5797,5594,5671,1281278,-0.01749826749826755
2015-04-13,5620,5746,5417,5595,1642376,-0.013401516487391962
2015-04-14,5544,5620,5265,5367,1275546,-0.04075067024128687
2015-04-15,5367,5544,5367,5418,756136,0.009502515371716092
2015-04-16,5493,5493,5291,5468,1027923,0.009228497600590524
2015-04-17,5468,5518,5341,5468,790357,0.0
2015-04-20,5367,5417,5265,5291,684632,-0.03237015362106799
2015-04-21,5316,5341,5139,5266,995389,-0.0047250047250047
2015-04-22,5240,5493,4749,5114,1740561,-0.02886441321686284
2015-04-23,5215,5417,5048,5291,1710738,0.03461087211576075
2015-04-24,5240,5291,5063,5089,813263,-0.03817803817803822
2015-04-27,5139,5316,5063,5215,647794,0.024759284731774356
2015-04-28,5341,5518,5291,5519,1954042,0.058293384467881015
2015-04-29,5493,5569,5291,5519,1412611,0.0
2015-04-30,5468,5569,5417,5519,665136,0.0
2015-05-04,5620,5746,5417,5494,1329558,-0.004529806124297875
2015-05-06,5442,5544,5291,5418,701868,-0.013833272661084806
2015-05-07,5341,5746,5240,5721,1092451,0.05592469545957912
2015-05-08,5670,5923,5594,5823,1699391,0.017829050865233453
2015-05-11,5974,6075,5746,5949,1433578,0.021638330757341562
2015-05-12,5949,6126,5772,5797,1348304,-0.02555051269120856
2015-05-13,5797,6202,5620,6025,1682858,0.039330688287045
2015-05-14,6025,6227,5822,5873,1327470,-0.0252282157676349
2015-05-15,5898,6227,5822,6076,1395928,0.03456495828367112
2015-05-18,6025,6101,5772,5772,1075776,-0.0500329163923634
2015-05-19,5822,5923,5594,5721,960383,-0.008835758835758822
2015-05-20,5797,5873,5696,5747,620094,0.004544660024471181
2015-05-21,5822,5999,5721,6000,789020,0.04402296850530707
2015-05-22,5999,6050,5822,5899,579760,-0.016833333333333367
2015-05-26,5949,5949,5594,5645,2879732,-0.04305814544838105
2015-05-27,5645,5797,5594,5671,1189793,0.004605845881310966
2015-05-28,5746,5822,5645,5721,602386,0.0088167871627578
2015-05-29,5696,5746,5417,5494,965038,-0.039678377905960516
2015-06-01,5544,5772,5468,5747,776117,0.046050236621769214
2015-06-02,5822,5923,5569,5873,900230,0.02192448233861155
2015-06-03,5873,6455,5746,6329,2605062,0.07764345309041376
2015-06-04,6303,6506,6202,6506,1274831,0.027966503397061082
2015-06-05,6455,6607,6329,6532,1027716,0.003996311097448579
2015-06-08,6531,6607,6177,6253,839150,-0.04271279853031229
2015-06-09,6278,6379,6177,6278,836334,0.003998080921157943
2015-06-10,6227,6278,6075,6278,877432,0.0
2015-06-11,6329,6404,6151,6152,510717,-0.02007008601465432
2015-06-12,6177,6278,6101,6202,328666,0.00812743823146933
2015-06-15,6126,6177,5822,6076,685965,-0.020316027088036148
2015-06-16,6050,6151,5645,5924,910557,-0.0250164581961817
2015-06-17,5974,6303,5898,6202,872325,0.046927751519243666
2015-06-18,6329,6404,6151,6329,607768,0.02047726539825856
2015-06-19,6379,6404,6227,6304,376312,-0.003950071101279873
2015-06-22,6253,6329,6151,6228,366925,-0.012055837563451743
2015-06-23,6303,6303,5898,5975,798135,-0.04062299293513172
2015-06-24,5949,6151,5898,6000,480133,0.004184100418409997
2015-06-25,6025,6278,5974,6202,417853,0.033666666666666734
2015-06-26,6227,6227,5822,5899,681073,-0.04885520799742016
2015-06-29,5670,5822,5569,5595,743272,-0.051534158331920654
2015-06-30,5544,5772,5493,5696,415021,0.018051831992850653
2015-07-01,5772,5898,5620,5696,554349,0.0
2015-07-02,5721,5898,5696,5848,635700,0.026685393258427004
2015-07-03,5898,5923,5670,5696,422668,-0.025991792065663488
2015-07-06,5518,5620,5265,5316,467464,-0.0667134831460674
2015-07-07,5392,5544,5240,5342,368295,0.004890895410082807
2015-07-08,5442,5620,5341,5418,391911,0.014226881317858542
2015-07-09,5316,5392,5037,5266,476325,-0.028054632705795446
2015-07-10,5341,5442,5164,5240,463196,-0.004937333839726499
2015-07-13,5291,5291,4997,5114,1127688,-0.024045801526717536
2015-07-14,5139,5670,5113,5595,1043479,0.09405553382870546
2015-07-15,5620,6177,5569,6177,2382378,0.1040214477211796
2015-07-16,6126,6303,6025,6278,1006617,0.016350979439857527
2015-07-17,6303,6430,6151,6329,848336,0.00812360624402686
2015-07-20,6430,6556,6379,6430,732435,0.01595828724917059
2015-07-21,6480,6531,6151,6253,722412,-0.027527216174183522
2015-07-22,6303,6430,6126,6228,509506,-0.003998080921157832
2015-07-23,6227,6354,6075,6329,330416,0.0162170841361593
2015-07-24,6404,6430,5999,6126,549176,-0.03207457734239216
2015-07-27,6050,6126,5772,5848,449990,-0.04538034606594843
2015-07-28,5696,5999,5696,5924,340507,0.0129958960328318
2015-07-29,5999,6126,5797,5848,403822,-0.01282916948008106
2015-07-30,5923,6025,5341,5620,686642,-0.03898768809849518
2015-07-31,5620,5822,5518,5747,283371,0.022597864768683307
2015-08-03,5797,5949,5772,5848,228659,0.0175743866365059
2015-08-04,5898,5949,5721,5899,181734,0.008720930232558155
2015-08-05,5923,5974,5569,5747,400638,-0.025767079165960327
2015-08-06,5721,5898,5696,5772,272416,0.004350095702105428
2015-08-07,5746,5848,5696,5823,125242,0.008835758835758822
2015-08-10,5873,5873,5569,5645,332247,-0.030568435514339742
2015-08-11,5696,5848,5468,5570,414752,-0.013286093888396855
2015-08-12,5518,5645,5164,5367,407602,-0.03644524236983837
2015-08-13,5493,5518,5316,5443,222187,0.014160611142165047
2015-08-17,5544,5873,5468,5645,769900,0.03711188682711741
2015-08-18,5670,5772,5367,5570,424807,-0.013286093888396855
2015-08-19,5518,5670,5265,5645,670303,0.013464991023339312
2015-08-20,5645,5696,5341,5342,332873,-0.05367581930912313
2015-08-21,4961,5215,4916,5063,628233,-0.052227630101085776
2015-08-24,5037,5291,5027,5038,330803,-0.0049377839225756
2015-08-25,5113,5341,5048,5291,431149,0.05021834061135366
2015-08-26,5265,5392,5164,5291,366040,0.0
2015-08-27,5392,5417,5164,5266,366210,-0.0047250047250047
2015-08-28,5316,5442,5265,5392,273607,0.02392707937713645
2015-08-31,5367,5417,5164,5392,320958,0.0
2015-09-01,5392,5772,5367,5519,785712,0.023553412462907986
2015-09-02,5417,5569,5265,5392,573291,-0.02301141511143323
2015-09-03,5392,5417,5164,5266,376221,-0.02336795252225521
2015-09-04,5265,5316,5048,5139,419237,-0.02411697683251046
2015-09-07,5189,5215,5053,5139,292235,0.0
2015-09-08,5088,5164,4921,5048,528168,-0.017707725238373273
2015-09-09,5113,5164,5012,5063,323948,0.0029714738510300265
2015-09-10,5053,5164,5017,5063,376936,0.0
2015-09-11,5027,5139,5017,5063,230022,0.0
2015-09-14,5088,5265,5058,5215,250919,0.03002172624925925
2015-09-15,5240,5265,5063,5114,224106,-0.019367209971236865
2015-09-16,5139,5240,5113,5215,341255,0.019749706687524515
2015-09-17,5291,5442,5215,5418,565249,0.03892617449664426
2015-09-18,5417,5518,5341,5443,208855,0.004614248800295373
2015-09-21,5316,5417,5316,5342,128369,-0.018555943413558706
2015-09-22,5341,5468,5316,5392,132041,0.009359790340696339
2015-09-23,5316,5367,5215,5215,174405,-0.032826409495548936
2015-09-24,5316,5341,5215,5240,105111,0.004793863854266611
2015-09-25,5291,5291,5164,5240,71117,0.0
2015-09-30,5164,5316,5088,5266,172023,0.004961832061068705
2015-10-01,5316,5341,5139,5190,138357,-0.014432206608431475
2015-10-02,5189,5215,5063,5089,196322,-0.019460500963391136
2015-10-05,5139,5164,5053,5063,209100,-0.005109058754175666
2015-10-06,5139,5215,5027,5048,322536,-0.0029626703535453602
2015-10-07,5063,5215,5027,5058,407081,0.001980982567353351
2015-10-08,5088,5113,5002,5033,268562,-0.004942665085013842
2015-10-12,5027,5063,4982,4997,232281,-0.007152791575601003
2015-10-13,5037,5341,5032,5291,703867,0.058835301180708344
2015-10-14,5392,5468,5189,5291,353086,0.0
2015-10-15,5518,5569,5215,5316,1186364,0.0047250047250047
2015-10-16,5316,5341,5189,5316,386551,0.0
2015-10-19,5341,5367,5189,5367,300027,0.00959367945823919
2015-10-20,5367,5367,5113,5164,531802,-0.037823737656046186
2015-10-21,5113,5164,5063,5089,246164,-0.014523625096824144
2015-10-22,5088,5139,5002,5053,262201,-0.007074081351935546
2015-10-23,5063,5113,4972,5013,288941,-0.00791608945181077
2015-10-26,5012,5139,5012,5053,172700,0.007979253939756736
2015-10-27,5088,5088,4992,5013,152891,-0.00791608945181077
2015-10-28,5017,5032,4946,4967,179878,-0.009176142030720147
2015-10-29,5042,5042,4972,4982,136943,0.0030199315482182243
2015-10-30,5012,5113,4987,5023,186810,0.008229626655961386
2015-11-02,5022,5058,5002,5013,112057,-0.001990842126219361
2015-11-03,5027,5058,4982,5033,163586,0.003989626969878257
2015-11-04,5037,5053,4972,4977,130291,-0.011126564673157202
2015-11-05,4982,4997,4967,4977,110679,0.0
2015-11-06,4967,4977,4769,4851,343452,-0.025316455696202556
2015-11-09,4860,4886,4622,4658,273374,-0.03978561121418267
2015-11-10,4561,4658,4506,4537,316368,-0.02597681408329755
2015-11-11,4521,4556,4430,4471,150754,-0.014547057527000251
2015-11-12,4475,4612,4470,4567,121792,0.02147170655334385
2015-11-13,4486,4567,4475,4476,75249,-0.019925552879351827
2015-11-16,4425,4425,4318,4359,176261,-0.026139410187667522
2015-11-17,4369,4501,4349,4446,129572,0.019958706125258185
2015-11-18,4445,4516,4364,4375,119422,-0.015969410706252796
2015-11-19,4379,4531,4379,4516,118865,0.032228571428571495
2015-11-20,4511,4536,4455,4516,77858,0.0
2015-11-23,4572,4637,4349,4359,245518,-0.03476527900797166
2015-11-24,4379,4379,4156,4334,296408,-0.005735260380821283
2015-11-25,4369,4379,4258,4289,154358,-0.010383017997231181
2015-11-26,4278,4496,4273,4451,318485,0.037771042200979155
2015-11-27,4415,4465,4308,4349,206349,-0.022916198607054628
2015-11-30,4359,4359,4202,4228,188592,-0.027822487928259365
2015-12-01,4227,4288,4217,4248,199176,0.004730368968779652
2015-12-02,4242,4329,4237,4299,114475,0.012005649717514055
2015-12-03,4298,4405,4278,4405,160285,0.024656896952779617
2015-12-04,4389,4658,4359,4608,327924,0.046083995459704985
2015-12-07,4627,4708,4546,4678,195520,0.015190972222222321
2015-12-08,4708,4708,4410,4633,267733,-0.009619495510902132
2015-12-09,4582,4653,4536,4587,106016,-0.009928771854090246
2015-12-10,4556,4622,4516,4587,102856,0.0
2015-12-11,4632,4632,4531,4557,66671,-0.0065402223675604665
2015-12-14,4430,4511,4384,4430,127569,-0.027869212201009463
2015-12-15,4374,4445,4374,4405,75600,-0.0056433408577878375
2015-12-16,4425,4556,4415,4466,88021,0.01384790011350745
2015-12-17,4470,4546,4455,4506,127334,0.008956560680698722
2015-12-18,4496,4536,4420,4521,98086,0.0033288948069241098
2015-12-21,4475,4592,4465,4552,116481,0.006856890068568822
2015-12-22,4551,4597,4480,4592,149148,0.008787346221441172
2015-12-23,4607,4607,4536,4552,148321,-0.008710801393728262
2015-12-24,4536,4602,4521,4557,112280,0.001098418277680091
2015-12-28,4556,4622,4556,4602,204828,0.00987491770901916
2015-12-29,4541,4567,4486,4557,158099,-0.009778357235984303
2015-12-30,4556,4632,4511,4587,110677,0.006583278472679366
2016-01-04,4582,4617,4435,4435,177873,-0.033137126662306504
2016-01-05,4435,4491,4410,4461,110003,0.005862457722660697
2016-01-06,4430,4516,4303,4435,176226,-0.00582828962116122
2016-01-07,4369,4430,4313,4329,170838,-0.023900789177001114
2016-01-08,4242,4283,4126,4268,180778,-0.014091014091014098
2016-01-11,4182,4248,4091,4147,183903,-0.028350515463917536
2016-01-12,4116,4212,4096,4152,148891,0.0012056908608633066
2016-01-13,4151,4268,4151,4223,110999,0.017100192678227266
2016-01-14,4177,4177,4045,4127,259033,-0.02273265451101114
2016-01-15,4131,4298,4131,4253,209199,0.030530651805185327
2016-01-18,4253,4440,4227,4400,131671,0.03456383729132373
2016-01-19,4384,4384,4101,4218,294485,-0.04136363636363638
2016-01-20,4146,4217,4101,4127,224130,-0.021574205784732126
2016-01-21,4172,4232,4055,4157,131871,0.0072692028107583795
2016-01-22,4177,4207,4126,4162,128410,0.0012027904738993733
2016-01-25,4167,4258,4161,4228,84195,0.015857760691974976
2016-01-26,4217,4273,4177,4238,69896,0.002365184484389715
2016-01-27,4237,4480,4237,4278,218280,0.0094384143463897
2016-01-28,4232,4354,4207,4334,130411,0.01309022907900892
2016-01-29,4334,4394,4278,4395,62839,0.014074757729580112
2016-02-01,4394,4632,4354,4623,587901,0.05187713310580211
2016-02-02,4592,4810,4592,4729,459998,0.02292883409041746
2016-02-03,4703,4820,4698,4780,193871,0.010784521040389183
2016-02-04,4784,5113,4784,4952,771541,0.035983263598326376
2016-02-05,5002,5002,4886,4972,199934,0.0040387722132471104
2016-02-11,4734,4961,4622,4623,321483,-0.07019308125502821
2016-02-12,4597,4673,4445,4572,469887,-0.011031797534068799
2016-02-15,4637,4830,4582,4653,486084,0.017716535433070835
2016-02-16,4723,4926,4668,4921,442916,0.05759724908661079
2016-02-17,4977,5215,4845,4962,607847,0.008331639910587274
2016-02-18,5027,5164,4961,5013,388986,0.010278113663845234
2016-02-19,4951,4997,4830,4927,320063,-0.017155395970476772
2016-02-22,4926,5058,4840,4921,193300,-0.0012177795818957282
2016-02-23,4921,5022,4764,4830,199047,-0.01849217638691325
2016-02-24,4835,4936,4794,4840,72521,0.0020703933747412417
2016-02-25,4840,4886,4723,4744,172610,-0.01983471074380161
2016-02-26,4810,4835,4749,4764,110311,0.004215851602023646
2016-02-29,4779,5012,4764,4972,316860,0.04366078925272876
2016-03-02,5037,5042,4916,4952,339290,-0.004022526146419958
2016-03-03,4987,4987,4784,4825,268847,-0.025646203554119507
2016-03-04,4820,4880,4799,4815,129335,-0.002072538860103612
2016-03-07,4815,4870,4607,4689,333268,-0.0261682242990654
2016-03-08,4658,4744,4632,4704,195366,0.0031989763275752647
2016-03-09,4698,4703,4622,4638,222961,-0.014030612244897989
2016-03-10,4642,4744,4642,4683,182550,0.009702457956015431
2016-03-11,4683,4830,4658,4734,200525,0.010890454836643082
2016-03-14,4734,4830,4658,4744,146993,0.0021123785382339832
2016-03-15,4744,4810,4673,4714,139176,-0.006323777403035358
2016-03-16,4718,4825,4718,4820,154501,0.02248621128553241
2016-03-17,4830,5042,4789,5018,446510,0.041078838174273935
2016-03-18,5063,5088,4946,4987,165604,-0.0061777600637704655
2016-03-21,4961,5189,4896,5089,554515,0.02045317826348514
2016-03-22,5088,5189,5037,5139,292877,0.0098251129887994
2016-03-23,5139,5215,5012,5013,286987,-0.024518388791593737
2016-03-24,4992,5053,4946,4967,80964,-0.009176142030720147
2016-03-25,4967,5367,4951,5043,622645,0.015300986510972336
2016-03-28,5113,5594,5113,5570,1540234,0.10450128891532828
2016-03-29,5569,5620,5392,5443,676475,-0.02280071813285456
2016-03-30,5417,5696,5341,5468,652464,0.004593055300385895
2016-03-31,5468,5518,5316,5342,237697,-0.023043160204828106
2016-04-01,5341,5670,5291,5494,667814,0.02845376263571686
2016-04-04,5645,5898,5594,5899,1191390,0.07371678194393882
2016-04-05,5873,5873,5696,5721,407045,-0.030174605865400883
2016-04-06,5670,5848,5620,5823,372303,0.017829050865233453
2016-04-07,5822,5848,5670,5797,200053,-0.004465052378499035
2016-04-08,5772,5999,5721,5924,300408,0.021907883387959348
2016-04-11,5974,5999,5822,5823,148317,-0.017049291019581414
2016-04-12,5772,6025,5721,5924,383203,0.017345011162630986
2016-04-14,5898,5999,5620,5696,460261,-0.03848750844024307
2016-04-15,5696,5797,5645,5797,132694,0.01773174157303381
2016-04-18,5797,5822,5594,5797,263127,0.0
2016-04-19,5721,5772,5620,5721,193778,-0.013110229429014963
2016-04-20,5670,6025,5670,6000,417294,0.04876769795490299
2016-04-21,5999,6075,5898,5975,166645,-0.004166666666666652
2016-04-22,5898,6329,5772,6304,942932,0.0550627615062762
2016-04-25,6329,6506,6227,6329,682908,0.003965736040609125
2016-04-26,6379,6506,6253,6380,289150,0.008058145046610843
2016-04-27,6379,6404,6126,6304,306236,-0.011912225705329127
2016-04-28,6404,6404,6253,6329,187219,0.003965736040609125
2016-04-29,6329,6556,6202,6506,339466,0.027966503397061082
2016-05-02,6480,6531,6303,6329,188791,-0.027205656317245586
2016-05-03,6430,6480,6227,6329,212007,0.0
2016-05-04,6227,6379,6202,6354,159545,0.003950071101279873
2016-05-09,6303,6404,5999,6126,285240,-0.03588290840415487
2016-05-10,6075,6227,6075,6152,169681,0.0042442050277504695
2016-05-11,6177,6253,5822,6000,362915,-0.024707412223667125
2016-05-12,6025,6075,5923,6000,204870,0.0
2016-05-13,5974,5999,5772,5975,358404,-0.004166666666666652
2016-05-16,5923,6354,5898,6152,422826,0.0296234309623431
2016-05-17,6202,6253,6050,6202,209011,0.00812743823146933
2016-05-18,6202,6253,5999,6076,135736,-0.020316027088036148
2016-05-19,6075,6278,5999,6202,301577,0.02073732718894017
2016-05-20,6177,6404,6126,6253,324412,0.008223153821347973
2016-05-23,6303,6430,6177,6430,277946,0.028306412921797586
2016-05-24,6354,6734,6354,6734,655002,0.047278382581648515
2016-05-25,6784,7063,6759,7013,778801,0.041431541431541374
2016-05-26,7012,7139,6885,7139,566089,0.017966633395123388
2016-05-27,7215,7291,7012,7291,788886,0.0212914974086007
2016-05-30,7291,7316,6911,7038,426280,-0.034700315457413256
2016-05-31,6961,7215,6860,7038,397915,0.0
2016-06-01,6961,7189,6860,6987,300534,-0.007246376811594235
2016-06-02,6885,7088,6885,6987,221195,0.0
2016-06-03,7088,7189,6936,7164,382223,0.025332760841562996
2016-06-07,7113,7164,6936,6987,283353,-0.024706867671691835
2016-06-08,6936,6987,6759,6785,249385,-0.028910834406755348
2016-06-09,6759,6936,6658,6658,318436,-0.01871775976418566
2016-06-10,6658,6936,6658,6886,213785,0.034244517873235125
2016-06-13,6860,6860,6632,6683,210826,-0.02948010455997674
2016-06-14,6683,6961,6632,6962,281840,0.04174771809067779
2016-06-15,7012,7442,6936,7418,582446,0.06549841999425454
2016-06-16,7417,7417,6961,7063,487994,-0.04785656511188996
2016-06-17,7139,7341,7063,7139,313111,0.010760300155741254
2016-06-20,7215,7341,7012,7164,301771,0.003501891021151504
2016-06-21,7113,7189,6987,7089,172823,-0.010469011725293131
2016-06-22,7037,7113,6658,6810,542444,-0.039356749894202236
2016-06-23,6759,6936,6582,6886,333213,0.011160058737151202
2016-06-24,6885,6961,6303,6658,616331,-0.03311065930874235
2016-06-27,6379,6658,6303,6658,348508,0.0
2016-06-28,6582,6810,6506,6785,203323,0.01907479723640737
2016-06-29,6885,6936,6734,6810,169981,0.003684598378776771
2016-06-30,6860,6987,6759,6911,152666,0.01483113069016162
2016-07-01,6911,7088,6885,6911,211873,0.0
2016-07-04,6987,7139,6911,6937,238394,0.0037621183620315524
2016-07-05,6987,7063,6885,6987,166756,0.007207726683004179
2016-07-06,6987,7291,6961,7114,485750,0.018176613711177847
2016-07-07,7113,7291,7088,7266,179313,0.021366319932527356
2016-07-08,7265,7468,7215,7392,317069,0.01734104046242768
2016-07-11,7442,7696,7392,7494,430351,0.01379870129870131
2016-07-12,7493,7569,7316,7468,153612,-0.0034694422204429864
2016-07-13,7417,7468,7240,7316,261290,-0.02035350830208893
2016-07-14,7291,7999,7291,7721,1196263,0.05535811919081457
2016-07-15,7746,7746,7341,7443,750777,-0.03600569874368609
2016-07-18,7493,7569,7291,7291,255101,-0.020421872900712068
2016-07-19,7316,7417,7215,7291,241953,0.0
2016-07-20,7291,7442,7265,7291,317397,0.0
2016-07-21,7291,7696,7291,7620,488985,0.04512412563434376
2016-07-22,7670,7847,7468,7468,323119,-0.019947506561679762
2016-07-25,7544,7544,7291,7316,216998,-0.02035350830208893
2016-07-26,7265,7392,7215,7342,170556,0.0035538545653361897
2016-07-27,7316,7468,7063,7089,286782,-0.03445927540179783
2016-07-28,7037,7240,7012,7215,208482,0.01777401608125273
2016-07-29,7215,7518,7088,7316,301887,0.013998613998613907
2016-08-01,7316,7696,7240,7696,407316,0.051940951339529695
2016-08-02,7670,7696,7493,7544,202752,-0.01975051975051978
2016-08-03,7645,7822,7493,7494,372581,-0.006627783669141074
2016-08-04,7417,7518,7265,7468,316378,-0.0034694422204429864
2016-08-05,7392,7620,7265,7620,234270,0.02035350830208893
2016-08-08,7569,7620,7215,7215,390588,-0.053149606299212615
2016-08-09,7164,7189,6936,6987,379196,-0.0316008316008316
2016-08-10,7063,7164,6936,7114,292022,0.018176613711177847
2016-08-11,7037,7088,6658,6785,741076,-0.046246837222378434
2016-08-12,6784,6860,6683,6785,302557,0.0
2016-08-16,6810,6936,6708,6810,274000,0.003684598378776771
2016-08-17,6759,6810,6531,6709,366016,-0.01483113069016151
2016-08-18,6683,7113,6607,7013,507276,0.04531226710389036
2016-08-19,7037,7164,7012,7063,222216,0.007129616426636343
2016-08-22,7012,7189,6987,7114,218409,0.007220727736089394
2016-08-23,7113,7265,7113,7164,175357,0.007028394714647224
2016-08-24,7113,7291,7088,7240,294421,0.010608598548297099
2016-08-25,7240,7265,7139,7164,196051,-0.010497237569060736
2016-08-26,7164,7240,6961,7164,130567,0.0
2016-08-29,7063,7088,6708,6734,337187,-0.06002233389168066
2016-08-30,6784,6936,6734,6861,148007,0.018859518859518865
2016-08-31,6911,6911,6253,6608,509105,-0.03687509109459264
2016-09-01,6708,6860,6607,6810,174583,0.03056900726392242
2016-09-02,6784,6911,6607,6759,168740,-0.007488986784141005
2016-09-05,6759,6860,6531,6608,338255,-0.022340582926468455
2016-09-06,6582,6683,6531,6557,136755,-0.00771791767554475
2016-09-07,6658,6683,6404,6430,183603,-0.01936861369528753
2016-09-08,6430,6556,6227,6329,338348,-0.015707620528771393
2016-09-09,6303,6480,6227,6430,160872,0.01595828724917059
2016-09-12,6177,6329,6101,6101,211081,-0.05116640746500778
2016-09-13,6202,6455,6126,6329,161526,0.03737092279954113
2016-09-19,6253,6632,6253,6532,167980,0.03207457734239205
2016-09-20,6531,6607,6455,6506,101992,-0.003980404164115159
2016-09-21,6480,6582,6278,6329,136370,-0.027205656317245586
2016-09-22,6404,6632,6379,6582,371544,0.0399747195449518
2016-09-23,6582,6810,6556,6683,213129,0.015344879975691228
2016-09-26,6607,6708,6556,6633,147059,-0.007481669908723676
2016-09-27,6582,6708,6506,6683,113313,0.0075380672395597426
2016-09-28,6683,6708,6480,6532,161488,-0.022594643124345337
2016-09-29,6531,6582,6404,6532,195044,0.0
2016-09-30,6506,6683,6430,6557,244060,0.0038273116962646014
2016-10-04,6556,6860,6556,6734,334396,0.026994052157998993
2016-10-05,6632,6759,6556,6633,239492,-0.014998514998515011
2016-10-06,6658,6734,6531,6532,146679,-0.015226895823910791
2016-10-07,6556,6632,6354,6582,303655,0.007654623392528981
2016-10-10,6531,6556,6151,6304,485944,-0.04223640230932846
2016-10-11,6303,6354,6151,6152,198356,-0.024111675126903598
2016-10-12,6126,6177,5974,6152,242581,0.0
2016-10-13,6151,6177,5848,5848,329579,-0.04941482444733425
2016-10-14,5746,6480,5721,6430,793734,0.09952120383036944
2016-10-17,6430,6531,6202,6456,230385,0.0040435458786936
2016-10-18,6354,6582,6278,6304,150173,-0.023543990086741018
2016-10-19,6303,6430,6253,6278,155144,-0.004124365482233494
2016-10-20,6303,6379,5999,6101,471921,-0.02819369225868107
2016-10-21,6025,6303,6025,6253,196059,0.02491394853302742
2016-10-24,6151,6202,5923,5949,346874,-0.0486166640012794
2016-10-25,5974,6101,5848,5949,127982,0.0
2016-10-26,5949,6075,5898,6025,240667,0.01277525634560428
2016-10-27,6126,6506,6101,6430,475678,0.06721991701244812
2016-10-28,6506,6506,6329,6405,165012,-0.0038880248833592645
2016-10-31,6430,6506,6303,6380,188400,-0.0039032006245121043
2016-11-01,6379,6531,6227,6354,206570,-0.004075235109717856
2016-11-02,6354,6354,6126,6228,214925,-0.019830028328611915
2016-11-03,6177,6253,6075,6126,144744,-0.016377649325626242
2016-11-04,6177,6253,6075,6202,125632,0.012406137773424808
2016-11-07,6278,6506,6278,6506,302924,0.04901644630764279
2016-11-08,6582,6607,6379,6430,153491,-0.01168152474638795
2016-11-09,6480,6607,6151,6380,675323,-0.007776049766718529
2016-11-10,6556,6835,6506,6658,595374,0.04357366771159876
2016-11-11,6607,6683,6430,6532,335664,-0.018924601982577394
2016-11-14,6556,6658,6506,6633,108850,0.015462339252908741
2016-11-15,6632,6708,6506,6532,152044,-0.015226895823910791
2016-11-16,6556,6759,6556,6734,276028,0.030924678505817482
2016-11-17,6734,6784,6632,6785,67009,0.007573507573507499
2016-11-18,6835,6835,6506,6608,126366,-0.02608695652173909
2016-11-21,6607,6607,6430,6506,184100,-0.01543583535108961
2016-11-22,6455,6607,6455,6481,57689,-0.0038426068244696854
2016-11-23,6607,6607,6379,6430,94067,-0.007869155994445265
2016-11-24,6506,6683,6278,6608,226419,0.027682737169517857
2016-11-25,6582,6632,6480,6608,93421,0.0
2016-11-28,6658,6658,6404,6456,124895,-0.02300242130750607
2016-11-29,6455,6556,6379,6506,94904,0.007744733581164898
2016-11-30,6455,6531,6379,6405,68405,-0.015524131570857636
2016-12-01,6506,6556,6354,6456,85805,0.007962529274004648
2016-12-02,6379,6506,6303,6380,93810,-0.011771995043370453
2016-12-05,6379,6404,6202,6202,113371,-0.02789968652037622
2016-12-06,6278,6379,6101,6101,137687,-0.016285069332473423
2016-12-07,6126,6253,6101,6177,62830,0.01245697426651371
2016-12-08,6202,6455,6177,6304,157062,0.020560142463979192
2016-12-09,6354,6354,6227,6304,90658,0.0
2016-12-12,6404,6404,6253,6304,120927,0.0
2016-12-13,6253,6632,6177,6582,518899,0.04409898477157359
2016-12-14,6683,6759,6556,6683,248964,0.015344879975691228
2016-12-15,6607,6885,6607,6734,433062,0.007631303306898207
2016-12-16,6759,7037,6759,6835,585357,0.014998514998515011
2016-12-19,6835,6987,6708,6835,235141,0.0
2016-12-20,6810,6885,6607,6658,300892,-0.02589612289685439
2016-12-21,6734,7037,6658,7013,629546,0.053319315109642496
2016-12-22,7088,7189,6911,7038,704260,0.0035648082133181713
2016-12-23,6961,7088,6911,7038,286541,0.0
2016-12-26,7037,7113,6911,6911,253408,-0.018044899119067925
2016-12-27,6936,7113,6835,7038,277509,0.018376501229923292
2016-12-28,7037,7037,6885,6937,219112,-0.014350667803353256
2016-12-29,6936,6987,6860,6987,272546,0.007207726683004179
2017-01-02,7012,7240,6987,7215,774488,0.032632030914555576
2017-01-03,7240,7316,7113,7164,648809,-0.0070686070686070135
2017-01-04,7113,7139,6885,6911,467635,-0.03531546621998882
2017-01-05,7012,7189,6911,6987,631286,0.010996961365938418
2017-01-06,6936,7189,6860,7063,590532,0.010877343638185266
2017-01-09,6987,7063,6911,6937,267871,-0.01783944499504464
2017-01-10,6936,6936,6708,6810,394698,-0.018307625774830583
2017-01-11,6885,7189,6885,7063,644630,0.037151248164464024
2017-01-12,7063,7189,6911,6911,331396,-0.021520600311482396
2017-01-13,6936,7088,6784,6861,320448,-0.007234843003906866
2017-01-16,6860,6987,6759,6810,307563,-0.007433318758198526
2017-01-17,6860,6911,6759,6810,153351,0.0
2017-01-18,6784,6987,6708,6987,262138,0.025991189427312822
2017-01-19,6987,7063,6860,6861,155822,-0.018033490768570193
2017-01-20,6835,6885,6708,6759,280280,-0.014866637516397052
2017-01-23,6759,6987,6708,6759,299977,0.0
2017-01-24,6759,6911,6759,6810,197124,0.00754549489569456
2017-01-25,6810,6911,6734,6759,168045,-0.007488986784141005
2017-01-26,6784,6885,6734,6835,202636,0.01124426690338809
2017-01-31,6885,6911,6759,6835,116483,0.0
2017-02-01,6860,7012,6835,6937,222426,0.01492318946598381
2017-02-02,6936,6936,6658,6658,397763,-0.040219114891163366
2017-02-03,6632,6708,6582,6683,263216,0.003754881345749528
2017-02-06,6658,6734,6480,6506,200722,-0.026485111476881595
2017-02-07,6506,6582,6227,6329,343827,-0.027205656317245586
2017-02-08,6430,6531,6329,6405,103608,0.012008216147890716
2017-02-09,6404,6531,6379,6405,117840,0.0
2017-02-10,6455,6582,6430,6456,175298,0.007962529274004648
2017-02-13,6430,6531,6329,6380,104125,-0.011771995043370453
2017-02-14,6379,6455,6303,6380,105145,0.0
2017-02-15,6379,6404,6227,6278,205632,-0.015987460815046983
2017-02-16,6278,6531,6253,6481,209152,0.03233513857916526
2017-02-17,6455,6506,6404,6456,106563,-0.0038574294090417682
2017-02-20,6455,6556,6430,6532,159669,0.011771995043370564
2017-02-21,6480,6556,6430,6557,142409,0.0038273116962646014
2017-02-22,6556,6607,6480,6582,169175,0.0038127192313557323
2017-02-23,6582,6582,6354,6380,172633,-0.030689759951382567
2017-02-24,6379,6430,6177,6329,144604,-0.007993730407523492
2017-02-27,6329,6404,6126,6380,148733,0.008058145046610843
2017-02-28,6404,6404,6227,6278,84946,-0.015987460815046983
2017-03-02,6278,6329,6253,6253,82924,-0.003982159923542561
2017-03-03,6202,6278,6075,6253,148261,0.0
2017-03-06,6253,6329,6126,6304,125037,0.00815608507916199
2017-03-07,6329,6329,6202,6253,129127,-0.008090101522842619
2017-03-08,6227,6253,6025,6076,252657,-0.028306412921797586
2017-03-09,6075,6177,5974,6025,126585,-0.008393680052666275
2017-03-10,6025,6177,5999,6152,155875,0.021078838174273917
2017-03-13,6126,6329,6101,6202,127210,0.00812743823146933
2017-03-14,6227,6278,6101,6101,95206,-0.016285069332473423
2017-03-15,6075,6126,5822,5823,229897,-0.04556630060645794
2017-03-16,5848,6050,5848,5949,213518,0.021638330757341562
2017-03-17,5898,6025,5848,5924,184045,-0.004202386955790893
2017-03-20,5949,6025,5873,5899,91363,-0.004220121539500354
2017-03-21,5873,5974,5772,5873,208350,-0.004407526699440556
2017-03-22,5848,5974,5822,5899,140478,0.004427038991997367
2017-03-23,5873,5974,5822,5848,167563,-0.008645533141210415
2017-03-24,5822,6050,5822,6000,147922,0.025991792065663377
2017-03-27,5999,6025,5873,5873,85629,-0.021166666666666667
2017-03-28,5873,5898,5544,5595,359090,-0.04733526306827851
2017-03-29,5670,5848,5493,5797,353864,0.03610366398570153
2017-03-30,5797,5873,5670,5671,199498,-0.021735380369156454
2017-03-31,5670,5822,5670,5823,100292,0.026803032974783925
2017-04-03,5898,6025,5822,6025,181181,0.03469002232526197
2017-04-04,6025,6126,5974,6000,205292,-0.004149377593360981
2017-04-05,6075,6151,5974,6025,167802,0.004166666666666652
2017-04-06,5974,6075,5923,6025,132941,0.0
2017-04-07,5999,6050,5923,6000,134683,-0.004149377593360981
2017-04-10,5999,6025,5721,5797,238159,-0.03383333333333338
2017-04-11,5746,5923,5746,5823,293039,0.004485078488873473
2017-04-12,5797,6025,5772,6000,259491,0.030396702730551173
2017-04-13,5949,5974,5721,5747,336760,-0.042166666666666686
2017-04-14,5746,5822,5620,5671,174494,-0.013224290934400584
2017-04-17,5670,5898,5670,5873,208312,0.03561982013754195
2017-04-18,5848,6025,5848,5975,371286,0.017367614507066254
2017-04-19,5999,6202,5923,6101,525938,0.021087866108786546
2017-04-20,6050,6101,5923,6000,414977,-0.016554663169972117
2017-04-21,5999,6202,5873,6177,432201,0.02950000000000008
2017-04-24,6126,6202,6050,6202,212341,0.004047272138578695
2017-04-25,6202,6278,6050,6202,283650,0.0
2017-04-26,6303,6303,6177,6304,314423,0.016446307642695945
2017-04-27,6303,6329,6126,6152,226901,-0.024111675126903598
2017-04-28,6227,6253,6050,6177,208897,0.004063719115734665
2017-05-02,6177,6227,6075,6152,183650,-0.004047272138578584
2017-05-04,6151,6202,6050,6101,232739,-0.008289986996098841
2017-05-08,6151,6278,5974,6253,358821,0.02491394853302742
2017-05-10,6278,6354,6202,6304,235024,0.00815608507916199
2017-05-11,6278,6354,6227,6278,205616,-0.004124365482233494
2017-05-12,6303,6329,6151,6228,219151,-0.00796431984708501
2017-05-15,6177,6202,6025,6126,232903,-0.016377649325626242
2017-05-16,6126,6151,5898,5949,345895,-0.028893241919686563
2017-05-17,5923,6075,5898,5975,201415,0.0043704824340224935
2017-05-18,5898,6050,5898,5949,244639,-0.004351464435146446
2017-05-19,5974,6075,5949,6025,132870,0.01277525634560428
2017-05-22,6050,6075,5898,5949,245593,-0.01261410788381745
2017-05-23,5974,6050,5949,6000,274067,0.008572869389813498
2017-05-24,6050,6151,6050,6076,184416,0.012666666666666604
2017-05-25,6126,6126,5999,6076,137790,0.0
2017-05-26,6075,6126,6025,6101,157984,0.004114549045424631
2017-05-29,6126,6151,5999,6025,289577,-0.01245697426651371
2017-05-30,5999,6227,5999,6228,264982,0.033692946058091255
2017-05-31,6227,6227,6126,6152,244830,-0.012202954399486154
2017-06-01,6151,6354,6101,6329,288650,0.0287711313394019
2017-06-02,6329,6531,6278,6532,530145,0.03207457734239205
2017-06-05,6582,6607,6404,6582,348170,0.007654623392528981
2017-06-07,6582,6784,6506,6683,367539,0.015344879975691228
2017-06-08,6632,6784,6531,6785,320675,0.015262606613796192
2017-06-09,6784,6860,6632,6683,271758,-0.015033161385409
2017-06-12,6632,6632,6404,6456,426189,-0.03396678138560527
2017-06-13,6480,6734,6480,6658,271156,0.031288723667905805
2017-06-14,6683,6708,6531,6582,162334,-0.011414839291078449
2017-06-15,6582,6632,6404,6481,270046,-0.015344879975691228
2017-06-16,6480,6658,6430,6658,195719,0.027310600216015946
2017-06-19,6734,6911,6632,6785,417404,0.01907479723640737
2017-06-20,6734,6911,6632,6683,439643,-0.015033161385409
2017-06-21,6683,6683,6531,6557,263232,-0.0188538081699835
2017-06-22,6556,6632,6455,6456,205614,-0.015403385694677474
2017-06-23,6480,6556,6430,6506,167729,0.007744733581164898
2017-06-26,6582,6784,6455,6759,392464,0.038887181063633536
2017-06-27,6784,6784,6582,6633,263182,-0.018641810918774926
2017-06-28,6632,6784,6556,6557,252549,-0.011457862204130809
2017-06-29,6582,6632,6480,6532,258594,-0.0038127192313558433
2017-06-30,6531,6582,6455,6481,94722,-0.007807715860379649
2017-07-03,6556,6556,6303,6329,229984,-0.023453170806974177
2017-07-04,6303,6404,6126,6253,399929,-0.012008216147890716
2017-07-05,6253,6379,6253,6304,107738,0.00815608507916199
2017-07-06,6430,6455,6303,6380,200045,0.012055837563451854
2017-07-07,6379,6430,6278,6380,181341,0.0
2017-07-10,6404,6430,6303,6354,163120,-0.004075235109717856
2017-07-11,6379,6404,6227,6278,243472,-0.011960969468051585
2017-07-12,6253,6404,6253,6329,238637,0.00812360624402686
2017-07-13,6455,6734,6430,6734,565686,0.06399115184073323
2017-07-14,6759,6784,6506,6734,593322,0.0
2017-07-17,6708,6987,6683,6987,580791,0.03757053757053752
2017-07-18,6987,7113,6911,7063,582329,0.010877343638185266
2017-07-19,7088,7164,6987,7013,407798,-0.007079144839303386
2017-07-20,7139,7316,7037,7063,592823,0.007129616426636343
2017-07-21,7139,7518,7012,7494,877329,0.06102222851479544
2017-07-24,7569,7620,7392,7392,416200,-0.013610888710968827
2017-07-25,7442,7468,7265,7316,303499,-0.010281385281385336
2017-07-26,7417,7417,7037,7240,486781,-0.010388190267905939
2017-07-27,7417,7417,7189,7342,273081,0.014088397790055218
2017-07-28,7341,7341,6987,7089,391028,-0.03445927540179783
2017-07-31,7088,7240,6835,7164,329632,0.010579771476936006
2017-08-01,7189,7291,7012,7114,187936,-0.006979341150195384
2017-08-02,7164,7215,7088,7139,116386,0.003514197357323612
2017-08-03,7139,7139,6632,6759,333764,-0.05322874352150164
2017-08-04,6835,6961,6658,6785,232455,0.0038467228880012527
2017-08-07,6784,6885,6708,6810,168794,0.003684598378776771
2017-08-08,6885,7012,6734,6962,204255,0.022320117474302403
2017-08-09,6987,6987,6734,6759,235113,-0.02915828784831942
2017-08-10,6759,6885,6607,6785,207698,0.0038467228880012527
2017-08-11,6632,6759,6556,6683,183085,-0.015033161385409
2017-08-14,6759,6860,6708,6861,101649,0.026634744875056127
2017-08-16,6911,7037,6860,6937,193436,0.011077102463197708
2017-08-17,6987,7012,6835,7013,138882,0.01095574455816628
2017-08-18,6961,7063,6885,6886,135846,-0.01810922572365603
2017-08-21,6936,6936,6708,6759,215807,-0.018443218123729288
2017-08-22,6860,6961,6759,6962,136646,0.03003402870247074
2017-08-23,7063,7063,6885,6987,134217,0.0035909221488077403
2017-08-24,7037,7063,6860,6962,199454,-0.0035780735651924633
2017-08-25,6961,6987,6784,6861,273462,-0.014507325481183608
2017-08-28,6936,7215,6911,7190,488399,0.04795219355779046
2017-08-29,7164,7316,7063,7266,361703,0.010570236439499281
2017-08-30,7265,7392,7215,7266,239561,0.0
2017-08-31,7341,7594,7240,7570,837570,0.04183870079823837
2017-09-01,7594,7696,7417,7620,693379,0.006605019815059343
2017-09-04,7417,7999,7392,7848,1140725,0.029921259842519587
2017-09-05,7822,8227,7797,8228,1258648,0.04841997961264011
2017-09-06,8328,8430,8151,8253,728144,0.0030384054448224784
2017-09-07,8227,8607,8227,8405,895515,0.018417545135102298
2017-09-08,8404,8531,8151,8304,569454,-0.012016656751933419
2017-09-11,8455,9012,8430,9013,1299369,0.08538053949903657
2017-09-12,9037,9240,8860,9038,1134539,0.002773771219349852
2017-09-13,9037,9037,8708,8734,822420,-0.03363576012392122
2017-09-14,8759,8885,8632,8810,496309,0.008701625830089377
2017-09-15,8658,8810,8556,8658,476367,-0.017253121452894482
2017-09-18,8708,8911,8607,8709,529118,0.005890505890505882
2017-09-19,8708,8911,8531,8886,596830,0.02032380296245262
2017-09-20,9088,9088,8683,8759,603265,-0.014292144947107843
2017-09-21,8885,9113,8556,8886,642870,0.014499372074437744
2017-09-22,8911,8936,8430,8532,572128,-0.03983794733288315
2017-09-25,8455,8683,8328,8506,228953,-0.0030473511486169835
2017-09-26,8607,8759,8404,8683,338715,0.020808840818245855
2017-09-27,8810,9113,8607,8937,745151,0.02925256247840613
2017-09-28,8987,9088,8455,8456,927454,-0.05382119279400244
2017-09-29,8506,8632,8430,8481,294929,0.002956480605487144
2017-10-10,8556,8582,8202,8202,533273,-0.03289706402546866
2017-10-11,8227,8556,8227,8532,401904,0.04023408924652516
2017-10-12,8556,8683,8126,8278,613861,-0.029770276605719626
2017-10-13,8354,8379,8075,8202,387368,-0.009180961584923875
2017-10-16,8202,8303,7898,8076,420162,-0.0153621068032187
2017-10-17,8151,8404,8126,8202,409850,0.015601783060921193
2017-10-18,8177,8202,7949,7975,311395,-0.027676176542306807
2017-10-19,8050,8177,7949,8152,220101,0.02219435736677111
2017-10-20,8227,8253,7974,8202,241939,0.006133464180569259
2017-10-23,8151,8379,8151,8304,213609,0.012435991221653175
2017-10-24,8531,8607,8227,8278,604860,-0.003131021194604955
2017-10-25,8379,8734,8303,8734,726854,0.05508576950954347
2017-10-26,8683,8860,8278,8430,519523,-0.034806503320357174
2017-10-27,8430,8582,8303,8354,220954,-0.009015421115065259
2017-10-30,8379,8455,8151,8177,238102,-0.021187455111323916
2017-10-31,8202,8480,8202,8456,274385,0.03412009294362228
2017-11-01,8556,8556,8354,8456,249837,0.0
2017-11-02,8455,8810,8379,8557,378645,0.011944181646168506
2017-11-03,8556,8658,8404,8506,204408,-0.005960032721748276
2017-11-06,8531,8759,8480,8557,233952,0.005995767693392828
2017-11-07,8582,8632,8480,8582,112363,0.00292158466752368
2017-11-08,8607,8683,8506,8633,175552,0.005942670706129194
2017-11-09,8734,8810,8506,8557,217504,-0.008803428703811012
2017-11-10,8556,9164,8531,9114,1140755,0.06509290639242726
2017-11-13,9240,9518,9113,9240,1234211,0.01382488479262678
2017-11-14,9215,9468,9088,9367,629376,0.013744588744588837
2017-11-15,9518,9645,9139,9316,736451,-0.005444646098003658
2017-11-16,9316,9341,8911,9063,816042,-0.02715757835981103
2017-11-17,9037,9189,8860,9114,421011,0.005627275736511006
2017-11-20,9113,9139,8885,8911,344769,-0.022273425499231947
2017-11-21,8961,9240,8860,9114,304146,0.022780832678711782
2017-11-22,9088,9265,8911,9240,363773,0.01382488479262678
2017-11-23,9392,9468,9215,9443,529633,0.021969696969696972
2017-11-24,9518,9974,9291,9721,866611,0.029439796674785468
2017-11-27,9898,9923,9088,9367,1341720,-0.03641600658368482
2017-11-28,9366,9442,9139,9215,431834,-0.016227180527383367
2017-11-29,9189,9392,9012,9139,515423,-0.008247422680412342
2017-11-30,8987,9012,8531,8557,712326,-0.06368311631469525
2017-12-01,8658,8860,8582,8734,458371,0.020684819446067593
2017-12-04,8835,8835,8278,8380,636959,-0.0405312571559423
2017-12-05,8328,8480,8177,8329,239360,-0.006085918854415229
2017-12-06,8303,8430,8177,8202,255691,-0.015247928923039944
2017-12-07,8227,8253,7898,8177,255049,-0.003048037064130704
2017-12-08,8227,8278,7974,8101,263402,-0.0092943622355387
2017-12-11,8202,8354,8075,8304,382735,0.025058634736452312
2017-12-12,8303,8480,8202,8304,275485,0.0
2017-12-13,8303,8582,8227,8532,452807,0.027456647398844014
2017-12-14,8531,8607,8379,8607,305460,0.008790436005625901
2017-12-15,8582,8582,8404,8532,195058,-0.008713837574067629
2017-12-18,8784,8835,8582,8759,586856,0.026605719643694403
2017-12-19,8835,9265,8759,9266,909621,0.05788332001370011
2017-12-20,9392,9620,9265,9418,909111,0.016404057845888165
2017-12-21,9442,9746,9240,9240,762343,-0.018899978764068792
2017-12-22,9240,10151,9215,10076,1426302,0.09047619047619038
2017-12-26,10075,10480,9974,10177,733289,0.010023818975783971
2017-12-27,10227,10404,10025,10329,454176,0.014935639186400618
2017-12-28,10404,10759,10278,10405,562137,0.007357924290831708
2018-01-02,10430,10607,10075,10152,553914,-0.02431523306102834
2018-01-03,10202,10328,9923,10152,617572,0.0
2018-01-04,10227,10227,9873,9924,387427,-0.022458628841607542
2018-01-05,10025,10354,9923,10152,593927,0.022974607013301007
2018-01-08,10278,10278,9721,9873,521964,-0.027482269503546153
2018-01-09,9949,10126,9772,9899,371839,0.002633444748303404
2018-01-10,9923,10025,9493,9721,493799,-0.017981614304475202
2018-01-11,9645,9974,9645,9721,237361,0.0
2018-01-12,9822,9822,9265,9569,523013,-0.015636251414463564
2018-01-15,9493,9645,9392,9519,256819,-0.005225206395652604
2018-01-16,9594,10177,9544,10126,557730,0.06376720243723089
2018-01-17,10126,10126,9772,9848,292478,-0.027454078609520094
2018-01-18,9974,10202,9645,9747,466042,-0.010255889520714878
2018-01-19,9797,9999,9620,9645,175797,-0.010464758387196071
2018-01-22,9645,9847,9468,9645,338660,0.0
2018-01-23,9873,9873,9468,9468,294453,-0.018351477449455644
2018-01-24,9442,9670,9417,9544,256319,0.008027038445289403
2018-01-25,9620,9772,9468,9696,222258,0.0159262363788768
2018-01-26,9696,9797,9493,9569,230845,-0.013098184818481795
2018-01-29,9620,9645,9468,9519,242743,-0.005225206395652604
2018-01-30,9594,9620,9215,9291,369816,-0.0239520958083832
2018-01-31,9265,9392,9113,9392,237703,0.010870735120008579
2018-02-01,9442,9594,9265,9468,236352,0.008091993185689983
2018-02-02,9594,9594,9265,9367,247355,-0.010667511618081993
2018-02-05,9164,9341,8835,9088,363838,-0.029785416889078653
2018-02-06,8734,9139,8658,8987,343647,-0.01111355633802813
2018-02-07,9316,9544,9113,9114,450099,0.014131523311449845
2018-02-08,9316,9569,8810,9519,339033,0.044437129690585886
2018-02-09,9189,9468,9189,9266,219309,-0.02657842210316208
2018-02-12,9316,9797,9291,9772,437218,0.0546082451974963
2018-02-13,9974,9999,9594,9620,356913,-0.015554645927138733
2018-02-14,9620,9746,9468,9645,181365,0.0025987525987525295
2018-02-19,9746,9797,9493,9494,182252,-0.015655780196993208
2018-02-20,9569,9974,9493,9823,464627,0.034653465346534684
2018-02-21,9847,9974,9772,9823,228710,0.0
2018-02-22,9873,10278,9746,10025,575737,0.020563982490074295
2018-02-23,10025,10075,9645,9696,406508,-0.03281795511221941
2018-02-26,9645,9949,9645,9696,199606,0.0
2018-02-27,9873,9974,9721,9899,182882,0.020936468646864714
2018-02-28,9645,9873,9645,9797,190671,-0.010304071118294789
2018-03-02,9670,9999,9620,9848,155454,0.005205675206696014
2018-03-05,9847,9999,9721,9848,296053,0.0
2018-03-06,10050,10050,9772,9949,203623,0.010255889520714767
2018-03-07,9949,9974,9721,9873,252322,-0.007638958689315523
2018-03-08,9822,9898,9645,9747,158188,-0.012762078395624377
2018-03-09,9772,9949,9544,9595,261873,-0.015594541910331383
2018-03-12,9620,9721,9518,9620,215906,0.002605523710265789
2018-03-13,9620,10683,9620,10633,1162377,0.1053014553014553
2018-03-14,10531,10784,10455,10709,374847,0.0071475594846233115
2018-03-15,10556,11063,10556,10683,395902,-0.002427864413110492
2018-03-16,10683,10835,10506,10531,392254,-0.01422821304876909
2018-03-19,10531,11012,10328,10861,496366,0.031336055455322365
2018-03-20,10860,11290,10556,11013,824266,0.013995028082128824
2018-03-21,11139,11139,10835,10937,326350,-0.00690093525833102
2018-03-22,11113,11189,10835,11114,496799,0.01618359696443261
2018-03-23,10734,10987,10607,10658,556474,-0.04102933237358286
2018-03-26,10632,10961,10506,10759,579294,0.009476449615312355
2018-03-27,10835,10987,10632,10937,420501,0.016544288502648996
2018-03-28,10860,10911,10607,10633,187673,-0.02779555636829112
2018-03-29,10607,10759,10556,10759,123605,0.011849901250822859
2018-03-30,10860,10885,10658,10785,153730,0.002416581466679002
2018-04-02,10809,10809,10101,10126,528972,-0.061103384330088106
2018-04-03,10025,10253,9923,10025,281829,-0.009974323523602613
2018-04-04,10101,10101,9392,9747,650977,-0.0277306733167082
2018-04-05,9797,9847,9493,9595,247994,-0.015594541910331383
2018-04-06,9569,9569,9240,9316,305019,-0.029077644606565922
2018-04-09,9291,9392,8961,9190,492193,-0.013525118076427645
2018-04-10,9189,9569,8987,9418,451091,0.02480957562568009
2018-04-11,9417,9468,9215,9367,273996,-0.005415162454873612
2018-04-12,9417,9772,9341,9519,490931,0.016227180527383478
2018-04-13,9670,9847,9341,9468,535276,-0.005357705641348853
2018-04-16,9518,9822,9442,9645,292901,0.018694550063371285
2018-04-17,9569,9670,9468,9494,159685,-0.015655780196993208
2018-04-18,9468,9847,9468,9595,312831,0.010638297872340496
2018-04-19,9620,9822,9620,9696,238453,0.010526315789473717
2018-04-20,9645,9696,9442,9595,191651,-0.01041666666666663
2018-04-23,9645,9721,9316,9595,240106,0.0
2018-04-24,9594,9670,9215,9316,230150,-0.029077644606565922
2018-04-25,9139,9417,9139,9316,154090,0.0
2018-04-26,9341,9518,9189,9291,98374,-0.002683555173894403
2018-04-27,9417,9442,9189,9342,109914,0.005489183080400473
2018-04-30,9240,9417,9139,9291,305015,-0.005459216441875414
2018-05-02,9316,9696,9189,9620,331394,0.035410612420622156
2018-05-03,9620,9645,9366,9443,178627,-0.018399168399168442
2018-05-04,9468,9670,9291,9443,230091,0.0
2018-05-08,9544,9847,9544,9620,229893,0.018744043206608163
2018-05-09,9620,9772,9316,9671,180283,0.005301455301455205
2018-05-10,9670,9721,9366,9671,245231,0.0
2018-05-11,9772,9772,9468,9595,235244,-0.007858546168958758
2018-05-14,9569,9645,9215,9316,228315,-0.029077644606565922
2018-05-15,9291,9417,9063,9063,285166,-0.02715757835981103
2018-05-16,9063,9139,8784,9063,254056,0.0
2018-05-17,9063,9620,9063,9595,290936,0.05870020964360578
2018-05-18,9594,10075,9594,9975,548858,0.03960396039603964
2018-05-21,9974,10025,9442,9595,271169,-0.03809523809523807
2018-05-23,9594,10177,9569,9823,344439,0.023762376237623783
2018-05-24,9898,9999,9518,9671,251585,-0.015473887814313358
2018-05-25,9544,9721,9468,9721,149597,0.005170096163788607
2018-05-28,9721,9949,9569,9721,487453,0.0
2018-05-29,9847,9923,9316,9569,489463,-0.015636251414463564
2018-05-30,9518,9620,9189,9367,280448,-0.021109833838436565
2018-05-31,9366,9518,9189,9266,245836,-0.010782534429379709
2018-06-01,9189,9316,9063,9088,347524,-0.019210015109000667
2018-06-04,9088,9341,9088,9266,152399,0.019586267605633756
2018-06-05,9240,9442,9215,9443,168231,0.019102093675803955
2018-06-07,9417,9493,9265,9342,183946,-0.010695753468177527
2018-06-08,9341,9544,9215,9342,172096,0.0
2018-06-11,9392,9392,9189,9316,94308,-0.0027831299507600216
2018-06-12,9442,9442,9113,9190,138586,-0.013525118076427645
2018-06-14,9189,9265,9012,9088,129331,-0.01109902067464641
2018-06-15,9113,9215,8810,8886,271667,-0.02222711267605637
2018-06-18,8734,8860,8151,8228,538750,-0.07404906594643257
2018-06-19,8177,8379,7746,8051,495653,-0.02151191054934365
2018-06-20,7949,8126,7746,7924,403587,-0.015774437958017584
2018-06-21,8025,8075,7341,7570,429440,-0.04467440686521962
2018-06-22,7569,7721,7265,7671,549030,0.01334214002641998
2018-06-25,7645,7746,7468,7570,335796,-0.013166471125016344
2018-06-26,7493,7696,7417,7570,188937,0.0
2018-06-27,7569,7873,7493,7570,243726,0.0
2018-06-28,7442,7645,7316,7342,173824,-0.030118890356671035
2018-06-29,7341,7797,7316,7544,318783,0.027512939253609314
2018-07-02,7468,7696,7341,7367,199158,-0.023462354188759305
2018-07-03,7518,7544,7240,7367,269510,0.0
2018-07-04,7366,7366,7164,7342,176613,-0.003393511605809696
2018-07-05,7341,7392,7164,7392,152685,0.006810133478616143
2018-07-06,7291,7645,7240,7544,208867,0.02056277056277067
2018-07-09,7696,7696,7392,7468,132260,-0.010074231177094384
2018-07-10,7468,7620,7316,7392,147298,-0.010176754151044465
2018-07-11,7341,7594,7215,7316,274841,-0.010281385281385336
2018-07-12,7291,7468,7240,7291,126896,-0.0034171678512848747
2018-07-13,7341,7569,7291,7519,198072,0.03127143053079129
2018-07-16,7518,7746,7493,7747,230786,0.030323181274105604
2018-07-17,7696,7949,7544,7823,183504,0.009810249128694881
2018-07-18,7923,7923,7620,7747,143916,-0.009714943116451491
2018-07-19,7746,7772,7493,7519,79100,-0.029430747386084977
2018-07-20,7417,7645,7366,7392,77613,-0.016890543955313198
2018-07-23,7468,7468,7164,7266,164162,-0.017045454545454586
2018-07-24,7189,7341,7189,7291,109956,0.0034406826314341554
2018-07-25,7240,7366,6911,6987,208693,-0.0416952407077219
2018-07-26,7012,7544,6658,7443,359643,0.06526406182911115
2018-07-27,7392,7721,7316,7696,171375,0.03399167002552739
2018-07-30,7696,7746,7493,7620,92874,-0.009875259875259834
2018-07-31,7645,8025,7620,7873,122159,0.03320209973753285
2018-08-01,7974,8025,7772,7975,96591,0.012955671281595249
2018-08-02,8025,8126,7949,7975,142883,0.0
2018-08-03,8101,8101,7822,7899,110785,-0.009529780564263346
2018-08-06,7949,7949,7670,7873,85712,-0.003291555893150999
2018-08-07,7822,7999,7772,7975,38325,0.012955671281595249
2018-08-08,8050,8050,7797,7848,48408,-0.01592476489028216
2018-08-09,7898,7898,7645,7772,76005,-0.009683995922528
2018-08-10,7847,7847,7468,7494,103703,-0.03576942871847655
2018-08-13,7645,7670,7493,7570,92301,0.01014144649052584
2018-08-14,7620,7746,7544,7570,48864,0.0
2018-08-16,7569,7569,7341,7544,87324,-0.003434610303830965
2018-08-17,7518,7822,7417,7443,118111,-0.01338812301166492
2018-08-20,7442,7518,7088,7367,144211,-0.01021093645035609
2018-08-21,7291,7620,7291,7544,80873,0.02402606216913261
2018-08-22,7544,7772,7468,7747,123135,0.026908801696712725
2018-08-23,7696,7847,7670,7823,38845,0.009810249128694881
2018-08-24,7847,7847,7493,7620,123976,-0.025949124376837496
2018-08-27,7746,7746,7544,7696,73418,0.009973753280839937
2018-08-28,7797,7949,7670,7873,81679,0.02299896049896044
2018-08-29,7847,7974,7721,7924,71455,0.0064778356407977356
2018-08-30,7847,7949,7797,7924,73455,0.0
2018-08-31,7772,8025,7772,8025,61496,0.012746087834426989
2018-09-03,8075,8253,7797,8076,121132,0.006355140186915964
2018-09-04,8025,8430,7999,8304,157917,0.028231797919762158
2018-09-05,8253,8404,8101,8152,91612,-0.01830443159922923
2018-09-06,8151,8278,8025,8177,67599,0.0030667320902846296
2018-09-07,8126,8151,7797,8025,126244,-0.0185887244710774
2018-09-10,8050,8151,7923,8076,45436,0.006355140186915964
2018-09-11,8075,8202,7999,8076,73584,0.0
2018-09-12,8126,8126,7746,7975,123291,-0.01250619118375429
2018-09-13,7974,8025,7696,7772,154540,-0.025454545454545507
2018-09-14,7772,7999,7772,7873,110074,0.012995367987647999
2018-09-17,7772,7847,7569,7595,89319,-0.035310555061602966
2018-09-18,7442,7645,7341,7494,176088,-0.013298222514812386
2018-09-19,7518,7696,7468,7494,57406,0.0
2018-09-20,7468,7645,7240,7291,127212,-0.027088337336535928
2018-09-21,7291,7493,7240,7443,107888,0.020847620353861007
2018-09-27,7341,7442,7189,7190,91525,-0.03399167002552739
2018-09-28,7240,7316,6936,6937,150940,-0.035187760778859545
2018-10-01,7012,7088,6759,6759,141762,-0.025659506991494885
2018-10-02,6759,7088,6708,6759,157919,0.0
2018-10-04,6734,6885,6607,6683,78136,-0.01124426690338809
2018-10-05,6683,6759,6151,6304,327179,-0.05671105790812514
2018-10-08,6202,6911,6075,6633,417397,0.05218908629441632
2018-10-10,6556,6683,6379,6380,125944,-0.03814262023217252
2018-10-11,5949,6177,5696,5721,277152,-0.10329153605015673
2018-10-12,5544,6177,5544,6177,491115,0.07970634504457252
2018-10-15,6101,6278,5822,6025,291433,-0.024607414602557887
2018-10-16,6025,6151,5974,6051,146057,0.004315352697095376
2018-10-17,6202,6404,5974,6051,238443,0.0
2018-10-18,6101,6101,5923,5975,64564,-0.012559907453313479
2018-10-19,6025,6025,5797,5873,79106,-0.017071129707112997
2018-10-22,5848,5873,5569,5721,149271,-0.025881151030137883
2018-10-23,5772,5797,5569,5620,200959,-0.017654256248907485
2018-10-24,5670,5721,5468,5494,151994,-0.022419928825622826
2018-10-25,5215,5392,5088,5266,346698,-0.04149981798325442
2018-10-26,5291,5417,5053,5164,228420,-0.019369540448157974
2018-10-29,5113,5291,5002,5053,156645,-0.021494965143299738
2018-10-30,4987,5291,4987,5215,208877,0.03206016227983377
2018-10-31,5265,5367,5113,5114,171664,-0.019367209971236865
2018-11-01,5189,5392,5063,5164,326721,0.009777082518576563
2018-11-02,5215,5417,5189,5418,229216,0.049186676994577905
2018-11-05,5316,5367,5240,5240,152895,-0.03285345145810259
2018-11-06,5291,5316,5164,5316,194619,0.01450381679389312
2018-11-07,5341,5442,5063,5089,374955,-0.042701279157261074
2018-11-08,5164,5291,5113,5139,293503,0.0098251129887994
2018-11-09,5113,5240,5007,5190,310905,0.009924109748978394
2018-11-12,5113,5164,4987,4987,246507,-0.03911368015414263
2018-11-13,4901,4901,4658,4810,475514,-0.03549227992781234
2018-11-14,4784,4825,4718,4770,231195,-0.008316008316008316
2018-11-15,4734,5012,4688,4754,219254,-0.0033542976939203717
2018-11-16,4784,4967,4769,4911,147537,0.033024821203197385
2018-11-19,4916,4956,4870,4881,66946,-0.00610873549175317
2018-11-20,4830,4860,4749,4825,62415,-0.011473058799426394
2018-11-21,4799,4916,4718,4916,111617,0.018860103626942903
2018-11-22,4911,4911,4749,4785,122533,-0.026647681041497173
2018-11-23,4784,4850,4713,4810,150244,0.0052246603970742544
2018-11-26,4810,4880,4784,4820,70514,0.0020790020790020236
2018-11-27,4840,4860,4774,4810,91011,-0.0020746887966804906
2018-11-28,4810,4840,4759,4835,124071,0.005197505197505281
2018-11-29,4891,4901,4789,4795,129214,-0.008273009307135482
2018-11-30,4799,4845,4784,4810,95745,0.0031282586027112647
2018-12-03,4850,4931,4845,4876,208091,0.013721413721413667
2018-12-04,4911,5007,4855,4881,213275,0.001025430680885897
2018-12-05,4860,5012,4799,4992,212543,0.022741241548863034
2018-12-06,5012,5012,4774,4785,232739,-0.041466346153846145
2018-12-07,4810,4830,4713,4780,175485,-0.0010449320794148065
2018-12-10,4713,4734,4501,4602,202124,-0.03723849372384935
2018-12-11,4617,4617,4445,4456,179171,-0.031725336810082605
2018-12-12,4455,4572,4455,4511,108790,0.012342908438061073
2018-12-13,4526,4891,4526,4891,350562,0.0842385280425626
2018-12-14,4911,4992,4739,4810,189780,-0.01656103046411772
2018-12-17,4799,5215,4799,5048,489501,0.04948024948024954
2018-12-18,4987,4987,4784,4795,257299,-0.05011885895404122
2018-12-19,4794,4830,4678,4759,120026,-0.007507820646506791
2018-12-20,4734,4734,4582,4643,133472,-0.024374868669888583
2018-12-21,4642,4799,4642,4775,79382,0.02842989446478561
2018-12-24,4769,4815,4739,4739,50602,-0.007539267015706841
2018-12-26,4648,4794,4648,4739,60434,0.0
2018-12-27,4749,4789,4653,4678,82904,-0.012871913905887267
2018-12-28,4708,4713,4592,4643,98262,-0.0074818298418127815
2019-01-02,4658,4678,4445,4456,165557,-0.04027568382511304
2019-01-03,4420,4480,4293,4294,119232,-0.03635547576301612
2019-01-04,4237,4298,4177,4238,180938,-0.01304145319049832
2019-01-07,4263,4435,4263,4405,118296,0.03940537989617754
2019-01-08,4405,4475,4389,4451,98171,0.010442678774120306
2019-01-09,4430,4607,4430,4532,130644,0.01819815771736688
2019-01-10,4556,4622,4501,4567,64015,0.0077228596646072845
2019-01-11,4567,4678,4567,4572,51151,0.0010948105977666156
2019-01-14,4556,4561,4516,4527,27895,-0.009842519685039353
2019-01-15,4526,4582,4516,4532,41754,0.001104484205875833
2019-01-16,4561,4597,4526,4592,69146,0.013239187996469504
2019-01-17,4617,4703,4592,4648,72513,0.012195121951219523
2019-01-18,4698,4713,4607,4689,46498,0.00882099827882965
2019-01-21,4703,4799,4637,4770,104445,0.017274472168905985
2019-01-22,4734,4825,4693,4800,140713,0.0062893081761006275
2019-01-23,4784,4784,4663,4689,60339,-0.02312499999999995
2019-01-24,4708,4734,4658,4719,45913,0.006397952655150307
2019-01-25,4718,4804,4678,4805,98941,0.01822420004238179
2019-01-28,4886,4886,4729,4759,150910,-0.009573361082206078
2019-01-29,4779,4779,4663,4739,56802,-0.004202563563773909
2019-01-30,4739,4941,4708,4906,165480,0.03523950200464232
2019-01-31,4972,5215,4967,4987,313603,0.016510395434162328
2019-02-01,5048,5088,5012,5028,181829,0.008221375576498824
2019-02-07,5063,5569,5017,5570,1103595,0.10779634049323783
2019-02-08,5518,5620,5367,5570,767589,0.0
2019-02-11,5569,5822,5468,5823,874331,0.045421903052064616
2019-02-12,5822,5923,5721,5899,519529,0.01305169156792041
2019-02-13,5898,6303,5873,6202,858604,0.051364638074249847
2019-02-14,6202,6354,6075,6253,432592,0.008223153821347973
2019-02-15,6227,6278,5822,6253,475170,0.0
2019-02-18,6354,6430,6025,6101,356181,-0.024308332000639643
2019-02-19,6126,6278,5923,6126,268867,0.0040976889034585184
2019-02-20,6075,6455,6075,6380,393005,0.04146261834802489
2019-02-21,6303,6430,6075,6253,290187,-0.01990595611285262
2019-02-22,6253,6303,6101,6152,118504,-0.016152246921477653
2019-02-25,6151,6379,6101,6278,185214,0.02048114434330306
2019-02-26,6354,6354,6101,6101,162975,-0.02819369225868107
2019-02-27,6177,6177,6050,6076,188736,-0.004097688903458407
2019-02-28,6101,6151,5797,5797,163570,-0.04591836734693877
2019-03-04,5848,6050,5797,5899,154858,0.017595307917888547
2019-03-05,5797,5898,5670,5696,116608,-0.03441261230717074
2019-03-06,5746,5746,5645,5696,69831,0.0
2019-03-07,5645,5999,5645,5747,190185,0.008953651685393194
2019-03-08,5670,5746,5493,5595,92062,-0.02644858186880117
2019-03-11,5670,5696,5139,5494,183642,-0.018051831992850764
2019-03-12,5569,5873,5569,5772,326796,0.05060065526028401
2019-03-13,5746,5873,5721,5823,99334,0.008835758835758822
2019-03-14,5848,6101,5848,5949,282919,0.021638330757341562
2019-03-15,5974,6075,5721,5721,159582,-0.03832576903681295
2019-03-18,5822,5898,5721,5747,33793,0.004544660024471181
2019-03-19,5797,6101,5670,5949,259090,0.035148773273012024
2019-03-20,5923,6126,5898,6076,241398,0.021348125735417778
2019-03-21,6151,6354,6075,6202,555194,0.02073732718894017
2019-03-22,6303,6329,6101,6177,217944,-0.004030957755562725
2019-03-25,5974,6126,5923,5924,118788,-0.040958394042415414
2019-03-26,5923,6075,5772,6051,119193,0.021438217420661765
2019-03-27,5999,6075,5822,6025,168622,-0.004296810444554655
2019-03-28,5999,5999,5696,5823,190288,-0.03352697095435686
2019-03-29,5822,5898,5670,5772,257629,-0.008758371973209722
2019-04-01,5848,6025,5772,5899,192048,0.02200277200277201
2019-04-02,5999,5999,5848,5873,91683,-0.004407526699440556
2019-04-03,5873,5923,5620,5772,360767,-0.017197343776604757
2019-04-04,5848,6177,5746,6025,892065,0.04383229383229392
2019-04-05,6050,6354,5999,6354,1026430,0.05460580912863078
2019-04-08,6430,6835,6379,6658,1552483,0.047843877872206564
2019-04-09,6683,6810,6480,6658,927910,0.0
2019-04-10,6683,7012,6480,6937,1084036,0.041904475818564046
2019-04-11,6911,7164,6835,6987,696683,0.007207726683004179
2019-04-12,6987,7088,6860,6911,353676,-0.010877343638185155
2019-04-15,6987,7012,6607,6810,815118,-0.01461438286789174
2019-04-16,6810,6810,6531,6658,511835,-0.022320117474302514
2019-04-17,6708,7417,6708,7164,1555151,0.0759987984379693
2019-04-18,7113,7316,6784,6962,706659,-0.02819653824678947
2019-04-19,6987,7265,6936,7038,791890,0.010916403332375646
2019-04-22,6961,7949,6961,7342,3377156,0.04319408922989476
2019-04-23,7366,7873,7341,7721,1694106,0.05162081176791067
2019-04-24,7772,7999,7442,7671,730836,-0.0064758450977853155
2019-04-25,7544,7772,7088,7443,1250618,-0.029722330856472468
2019-04-26,7316,7341,6936,7114,786804,-0.044202606475883366
2019-04-29,7113,7417,6987,7342,722519,0.032049479898791144
2019-04-30,7341,7721,7088,7392,618403,0.006810133478616143
2019-05-02,7442,8151,7442,7848,1875524,0.06168831168831179
2019-05-03,7847,7898,7544,7544,614734,-0.03873598369011211
2019-05-07,7366,7518,7215,7291,518194,-0.03353658536585369
2019-05-08,7164,7341,6936,6962,494091,-0.04512412563434376
2019-05-09,7012,7139,6582,6734,422547,-0.03274920999712727
2019-05-10,6734,6936,6556,6911,258693,0.026284526284526377
2019-05-13,6835,6835,6430,6430,584069,-0.06959918969758361
2019-05-14,6354,6683,6253,6582,477248,0.023639191290824257
2019-05-15,6632,7037,6531,6987,536183,0.061531449407475014
2019-05-16,7012,7088,6835,6987,289436,0.0
2019-05-17,7088,7189,6835,6937,431633,-0.007156147130385038
2019-05-20,6936,7088,6404,6456,386310,-0.06933833069050022
2019-05-21,6379,6582,6278,6481,318843,0.003872366790582449
2019-05-22,6658,6784,6506,6683,278497,0.031168029625057825
2019-05-23,6683,6734,6379,6380,252067,-0.045338919646865206
2019-05-24,6303,6683,6202,6532,299084,0.023824451410658254
2019-05-27,6480,6531,6025,6228,421467,-0.04654011022657689
2019-05-28,6227,6708,6227,6633,435515,0.06502890173410414
2019-05-29,6556,6582,6329,6557,285943,-0.011457862204130809
2019-05-30,6531,6784,6480,6633,202367,0.01159066646332163
2019-05-31,6632,6734,6430,6709,250396,0.011457862204130809
2019-06-03,6683,6759,6480,6481,349568,-0.03398420032791771
2019-06-04,6531,6556,6430,6456,120814,-0.0038574294090417682
2019-06-05,6531,6860,6506,6658,696928,0.031288723667905805
2019-06-07,6632,6860,6582,6810,493263,0.022829678582156898
2019-06-10,6885,6885,6683,6734,280474,-0.011160058737151202
2019-06-11,6784,6810,6556,6608,543147,-0.018711018711018657
2019-06-12,6607,6658,6075,6253,1260700,-0.05372276029055689
2019-06-13,6151,6303,6075,6152,464282,-0.016152246921477653
2019-06-14,6126,6177,5898,5975,561171,-0.02877113133940179
2019-06-17,5923,6025,5746,5772,623347,-0.033974895397489546
2019-06-18,5848,5974,5797,5899,428340,0.02200277200277201
2019-06-19,6177,6329,5949,6025,1437386,0.02135955246651977
2019-06-20,6025,6050,5873,5975,505668,-0.008298755186721962
2019-06-21,5999,6025,5822,5823,372012,-0.025439330543933103
2019-06-24,5873,5923,5721,5721,366662,-0.017516743946419333
2019-06-25,5696,5848,5670,5747,356542,0.004544660024471181
2019-06-26,5746,5797,5620,5671,345930,-0.013224290934400584
2019-06-27,5746,5898,5670,5721,372988,0.0088167871627578
2019-06-28,5772,5822,5594,5772,353333,0.008914525432616616
2019-07-01,5797,5848,5620,5747,300125,-0.004331254331254364
2019-07-02,5746,5848,5721,5772,234043,0.004350095702105428
2019-07-03,5772,5949,5772,5848,397956,0.013167013167013186
2019-07-04,5898,5923,5696,5823,527275,-0.004274965800273645
2019-07-05,5822,5822,5341,5418,656306,-0.06955177743431218
2019-07-08,5341,5341,4840,4861,1925996,-0.1028054632705796
2019-07-09,4870,5037,4845,4932,655366,0.014606048138243066
2019-07-10,4936,5215,4936,5063,802592,0.026561232765612397
2019-07-11,5139,5518,5139,5443,1080894,0.07505431562314824
2019-07-12,5417,5493,5265,5443,453352,0.0
2019-07-15,5468,5746,5367,5468,1366714,0.004593055300385895
2019-07-16,5468,5569,5063,5164,890945,-0.05559619604974397
2019-07-17,5139,5265,5042,5164,460604,0.0
2019-07-18,5189,5645,5164,5570,1322086,0.07862122385747483
2019-07-19,5569,5721,5417,5418,567283,-0.027289048473967736
2019-07-22,5164,5392,5139,5342,513661,-0.014027316352897778
2019-07-23,5341,5696,5341,5443,1005327,0.01890677648820671
2019-07-24,5645,5645,5265,5266,623767,-0.03251883152673163
2019-07-25,5291,5493,5215,5443,611435,0.03361184960121544
2019-07-26,5417,5569,5291,5519,483242,0.013962888113172811
2019-07-29,5468,5518,5063,5063,709513,-0.08262366370719332
2019-07-30,5088,5367,5063,5240,408728,0.03495951017183496
2019-07-31,5139,5367,5022,5367,487461,0.024236641221374144
2019-08-01,5265,5341,5012,5018,766564,-0.06502701695546864
2019-08-02,4865,5088,4820,4997,258687,-0.004184934236747706
2019-08-05,4860,4956,4480,4481,996791,-0.10326195717430453
2019-08-06,4379,4475,4101,4213,804153,-0.05980807855389425
2019-08-07,4212,4389,4212,4354,279346,0.033467837645383414
2019-08-08,4354,4531,4354,4466,435948,0.025723472668810254
2019-08-09,4541,4577,4420,4461,218292,-0.0011195700850873402
2019-08-12,4415,4622,4415,4613,165891,0.03407307778525004
2019-08-13,4567,4683,4506,4653,138698,0.00867114675915892
2019-08-14,4754,4779,4642,4683,162430,0.006447453255963964
2019-08-16,4658,4658,4536,4597,238380,-0.018364296391202184
2019-08-19,4617,4749,4582,4633,104957,0.007831194257124308
2019-08-20,4703,4825,4632,4790,245419,0.03388733002374278
2019-08-21,4789,4840,4744,4820,167619,0.006263048016701411
2019-08-22,4825,4870,4764,4805,126447,-0.003112033195020736
2019-08-23,4739,4810,4668,4719,138929,-0.017898022892819943
2019-08-26,4577,4627,4323,4359,454288,-0.07628734901462175
2019-08-27,4440,4541,4425,4451,156673,0.021105758201422242
2019-08-28,4526,4617,4511,4582,125709,0.029431588407099474
2019-08-29,4597,4597,4480,4501,146435,-0.017677869925796563
2019-08-30,4597,4718,4577,4683,216088,0.04043545878693622
2019-09-02,4642,4759,4597,4658,164818,-0.005338458253256406
2019-09-03,4673,4729,4491,4547,252454,-0.023829969944182072
2019-09-04,4546,4769,4546,4764,384504,0.04772377391686833
2019-09-05,4769,5189,4769,5164,656233,0.08396305625524758
2019-09-06,5291,5316,5088,5190,428666,0.005034856700232293
2019-09-09,5189,5215,5027,5048,257854,-0.02736030828516378
2019-09-10,5063,5139,5032,5114,202067,0.01307448494453256
2019-09-11,5088,5164,4987,5089,272236,-0.0048885412592882815
2019-09-16,5063,5215,5037,5139,195917,0.0098251129887994
2019-09-17,5088,5164,5053,5139,171679,0.0
2019-09-18,5139,5417,5113,5367,451738,0.04436660828955041
2019-09-19,5341,5797,5316,5620,1182169,0.04713992919694432
2019-09-20,5594,5696,5518,5645,358774,0.004448398576512469
2019-09-23,5620,5620,5442,5519,248384,-0.0223206377325067
2019-09-24,5518,5569,5468,5570,157801,0.009240804493567678
2019-09-25,5518,5848,5392,5595,458959,0.004488330341113178
2019-09-26,5746,5746,5493,5544,265821,-0.009115281501340444
2019-09-27,5645,5645,5392,5519,184361,-0.004509379509379463
2019-09-30,5518,5569,5367,5494,131047,-0.004529806124297875
2019-10-01,5493,5772,5493,5671,390331,0.03221696396068441
2019-10-02,5620,5670,5442,5494,204220,-0.031211426556162936
2019-10-04,5468,5518,5341,5443,187539,-0.00928285402257012
2019-10-07,5569,5594,5417,5468,95631,0.004593055300385895
2019-10-08,5544,5569,5417,5570,169410,0.018653986832479985
2019-10-10,5544,5594,5442,5544,118733,-0.0046678635547576786
2019-10-11,5569,5645,5493,5544,106770,0.0
2019-10-14,5645,5923,5493,5873,673445,0.059343434343434254
2019-10-15,5822,5974,5772,5924,423847,0.008683807253533127
2019-10-16,6101,6101,5873,5949,633101,0.004220121539500354
2019-10-17,5949,6050,5898,6000,204502,0.008572869389813498
2019-10-18,5999,6025,5873,5949,223022,-0.008499999999999952
2019-10-21,5974,6050,5898,5924,246363,-0.004202386955790893
2019-10-22,5974,6050,5923,6051,188651,0.021438217420661765
2019-10-23,6075,6126,5898,5949,209092,-0.016856717897868134
2019-10-24,5974,6025,5898,6025,179609,0.01277525634560428
2019-10-25,6126,6278,5999,6152,652729,0.021078838174273917
2019-10-28,6303,6404,6101,6101,818470,-0.008289986996098841
2019-10-29,6177,6227,5898,5924,434001,-0.029011637436485826
2019-10-30,5923,5974,5493,5570,712079,-0.059756920999324725
2019-10-31,5620,5746,5544,5595,425425,0.004488330341113178
2019-11-01,5594,5620,5367,5443,425249,-0.02716711349419121
2019-11-04,5493,5721,5468,5595,423488,0.027925776226345844
2019-11-05,5645,5645,5442,5519,331220,-0.01358355674709566
2019-11-06,5518,5594,5417,5468,225943,-0.009240804493567678
2019-11-07,5442,5468,5341,5418,295038,-0.009144111192392113
2019-11-08,5493,5518,5316,5367,285484,-0.009413067552602405
2019-11-11,5367,5417,5139,5215,279702,-0.028321222284330205
2019-11-12,5189,5316,5189,5266,175195,0.009779482262703754
2019-11-13,5265,5341,5189,5316,180962,0.009494872768704976
2019-11-14,5316,5341,5240,5291,142767,-0.004702784048156494
2019-11-15,5265,5417,5265,5418,188607,0.02400302400302401
2019-11-18,5468,5493,5291,5418,191706,0.0
2019-11-19,5417,5417,5291,5342,170684,-0.014027316352897778
2019-11-20,5392,5392,5164,5190,250655,-0.028453762635716973
2019-11-21,5189,5215,5017,5139,197827,-0.009826589595375745
2019-11-22,5113,5189,5063,5114,95433,-0.004864759680871744
2019-11-25,5113,5265,5113,5240,92972,0.024638247946812575
2019-11-26,5265,5316,5215,5266,88880,0.004961832061068705
2019-11-27,5265,5265,5113,5215,179358,-0.009684770224078987
2019-11-28,5189,5265,5164,5266,122511,0.009779482262703754
2019-11-29,5265,5468,5215,5266,466577,0.0
2019-12-02,5316,5392,5139,5190,291846,-0.014432206608431475
2019-12-03,5113,5139,5017,5058,312216,-0.02543352601156068
2019-12-04,5017,5088,4880,4987,342970,-0.014037168841439351
2019-12-05,5002,5088,4961,4997,124212,0.0020052135552435235
2019-12-06,5002,5367,5002,5367,367420,0.07404442665599364
2019-12-09,5341,5367,5139,5190,206703,-0.03297931805477916
2019-12-10,5164,5215,5063,5190,154151,0.0
2019-12-11,5164,5240,5058,5215,192032,0.00481695568400764
2019-12-12,5265,5797,5265,5747,1974550,0.10201342281879189
2019-12-13,5873,6151,5797,6076,2036710,0.057247259439707765
2019-12-16,6075,6455,5999,6430,1143524,0.058262014483212665
2019-12-17,6531,6734,6430,6658,1330893,0.035458786936236386
2019-12-18,6632,6734,6480,6683,457515,0.003754881345749528
2019-12-19,6683,6759,6404,6456,681693,-0.03396678138560527
2019-12-20,6480,6506,6227,6354,892819,-0.01579925650557623
2019-12-23,6379,6404,6202,6354,719380,0.0
2019-12-24,6329,6582,6303,6481,660702,0.019987409505823006
2019-12-26,6480,7012,6480,6987,1406848,0.0780743712390064
2019-12-27,6961,7265,6936,7063,1442981,0.010877343638185266
2019-12-30,7113,7164,6860,7038,656341,-0.0035395724196517486
2020-01-02,6987,6987,6835,6911,518534,-0.018044899119067925
2020-01-03,6961,7164,6860,6962,898828,0.007379539863984874
2020-01-06,6784,6987,6734,6937,879156,-0.0035909221488078513
2020-01-07,6936,7037,6632,6785,692257,-0.021911489116332672
2020-01-08,6810,7113,6658,6911,1313198,0.018570375829034536
2020-01-09,7139,7696,7088,7671,2684887,0.10996961365938351
2020-01-10,7670,7721,7442,7620,904950,-0.006648416112632005
2020-01-13,7569,7670,7291,7620,1188149,0.0
2020-01-14,7797,7898,7594,7645,1200580,0.0032808398950130435
2020-01-15,7721,7822,7442,7721,823778,0.009941137998692007
2020-01-16,7898,8506,7797,8354,2367038,0.0819841989379615
2020-01-17,8404,8632,8227,8607,1252656,0.030284893464208817
2020-01-20,8734,9012,8607,8911,1202350,0.03532008830022071
2020-01-21,8860,8987,8379,8658,1608868,-0.028391875210414086
2020-01-22,8556,8911,8480,8810,807243,0.017556017556017656
2020-01-23,8734,9113,8556,8962,910470,0.01725312145289437
2020-01-28,8506,9544,8480,9342,2142659,0.04240124972104442
2020-01-29,9594,9746,9265,9342,1144154,0.0
2020-01-30,9215,9442,8734,9038,1390748,-0.03254121173196323
2020-01-31,9088,9417,8556,8607,1361197,-0.04768754149148047
2020-02-03,8430,9417,8253,9367,2096886,0.08830022075055188
2020-02-04,9189,9392,8936,9164,1438942,-0.021671826625387025
2020-02-05,9316,9316,8632,8683,1614734,-0.05248799650807512
2020-02-06,8759,8835,8506,8734,985196,0.005873546009443675
2020-02-07,8759,8784,8379,8557,605654,-0.020265628577971095
2020-02-10,8556,8734,8379,8532,632608,-0.00292158466752368
2020-02-11,8607,8658,8354,8557,851978,0.0029301453352086337
2020-02-12,8632,8961,8556,8810,1410255,0.029566436835339438
2020-02-13,8936,9088,8683,8785,1145287,-0.002837684449489175
2020-02-14,8784,8961,8658,8861,1084678,0.008651109846328886
2020-02-17,8911,8961,8683,8962,919119,0.011398262047173091
2020-02-18,8961,8987,8303,8481,1334791,-0.053671055567953596
2020-02-19,8556,8810,8556,8633,1296476,0.01792241480957424
2020-02-20,8734,8784,8430,8481,675319,-0.017606857407621912
2020-02-21,8227,8556,8202,8456,613667,-0.0029477655936800407
2020-02-24,8151,8379,8101,8228,607878,-0.02696310312204353
2020-02-25,8202,8480,8126,8481,480726,0.03074866310160429
2020-02-26,8227,8354,7999,8253,738250,-0.02688362221436147
2020-02-27,8253,8430,7822,7924,596091,-0.03986429177268869
2020-02-28,7746,7873,7265,7316,1234288,-0.0767289247854619
2020-03-02,7518,7949,7366,7899,890797,0.07968835429196286
2020-03-03,8354,8354,7822,7823,956486,-0.009621471072287613
2020-03-04,7797,8354,7797,8202,799012,0.048446887383356785
2020-03-05,8303,8328,7949,8202,801006,0.0
2020-03-06,7999,8025,7670,7797,1047561,-0.049378200438917386
2020-03-09,7544,7670,7265,7418,627374,-0.048608439143260185
2020-03-10,7341,7544,7240,7494,899687,0.0102453491507144
2020-03-11,7442,7468,6860,7114,867450,-0.05070723245262876
2020-03-12,6961,7088,6354,6430,1534244,-0.09614843969637332
2020-03-13,5923,6151,5240,5899,2064716,-0.08258164852255057
2020-03-16,6050,6354,5468,5468,1534619,-0.07306323105611123
2020-03-17,5113,5620,5113,5468,1626598,0.0
2020-03-18,5544,5974,5316,5316,2848366,-0.027798098024871987
2020-03-19,5594,5696,4263,4506,2641176,-0.15237020316027083
2020-03-20,4713,5341,4486,5316,2818375,0.17976031957390148
2020-03-23,4810,4987,4658,4734,1624216,-0.10948081264108356
2020-03-24,5022,5797,4921,5721,3021088,0.20849176172370099
2020-03-25,5873,6151,5468,5848,2354182,0.022198916273378888
2020-03-26,5848,5999,5518,5570,2534078,-0.047537619699042355
2020-03-27,5873,5898,5265,5544,2204183,-0.0046678635547576786
2020-03-30,5291,5620,5215,5544,1118419,0.0
2020-03-31,5721,5772,5392,5544,1849016,0.0
2020-04-01,5442,5797,5367,5392,1984161,-0.02741702741702745
2020-04-02,5442,5594,5265,5595,958238,0.037648367952522355
2020-04-03,5670,5696,5316,5443,1170402,-0.02716711349419121
2020-04-06,5518,5923,5468,5899,2096728,0.08377732867903731
2020-04-07,6151,6607,6025,6481,4814329,0.09866078996440075
2020-04-08,6480,6961,6379,6734,2705609,0.03903718561950309
2020-04-09,6987,7265,6683,6886,3673729,0.02257202257202251
2020-04-10,6835,6860,6480,6785,1433685,-0.014667441185013064
2020-04-13,6734,6860,6227,6253,1378305,-0.07840825350036851
2020-04-14,6430,6632,6404,6557,1452785,0.048616664001279286
2020-04-16,6404,6759,6303,6759,1440092,0.030806771389354948
2020-04-17,6987,7037,6759,6835,1718761,0.01124426690338809
2020-04-20,6784,6936,6734,6810,1033815,-0.003657644476956823
2020-04-21,6734,6784,6354,6633,1504997,-0.025991189427312822
2020-04-22,6430,6658,6329,6658,960065,0.0037690336197799823
2020-04-23,6835,6835,6582,6683,1134664,0.003754881345749528
2020-04-24,6582,6708,6404,6430,792986,-0.03785724973814153
2020-04-27,6480,6658,6430,6608,634983,0.027682737169517857
2020-04-28,6658,6911,6531,6911,1466198,0.04585351089588374
2020-04-29,7063,7898,7012,7721,6539805,0.11720445666329038
2020-05-04,7620,8126,7569,7671,3017822,-0.0064758450977853155
2020-05-06,7822,8480,7721,8354,3887296,0.08903663146916951
2020-05-07,8430,8759,8253,8304,2904451,-0.00598515681110845
2020-05-08,8480,9037,8328,8937,2922475,0.0762283236994219
2020-05-11,9088,9366,8860,9164,1997488,0.0254000223788744
2020-05-12,9164,9316,8860,9114,1287454,-0.005456132693147042
2020-05-13,8936,9063,8607,8861,1880889,-0.027759490893131455
2020-05-14,8658,8835,8556,8633,1335026,-0.025730730165895443
2020-05-15,8810,8987,8607,8709,1279647,0.008803428703811012
2020-05-18,8708,9164,8328,8987,2402612,0.0319210012630613
2020-05-19,9189,9215,8607,8835,1150347,-0.016913319238900604
2020-05-20,8961,9847,8835,9721,4818127,0.10028296547821158
2020-05-21,9746,9949,9442,9519,2729811,-0.02077975516922126
2020-05-22,9518,10354,9392,10025,4578455,0.05315684420632416
2020-05-25,10075,10328,9746,10000,2117219,-0.0024937655860348684
2020-05-26,10177,10177,9544,9696,2192639,-0.030399999999999983
2020-05-27,9721,9721,9291,9468,1500548,-0.023514851485148536
2020-05-28,9594,9620,8759,9013,2355200,-0.04805661174482467
2020-05-29,8860,9063,8658,8785,1455888,-0.02529679352047043
2020-06-01,8987,9442,8911,9342,1737259,0.06340352874217414
2020-06-02,9493,9493,9164,9342,1002439,0.0
2020-06-03,9392,9544,8961,9063,2223868,-0.029865125240847834
2020-06-04,9240,9316,8911,9013,1278728,-0.005516936996579513
2020-06-05,9139,9139,8810,9114,911661,0.011206035726173402
2020-06-08,9240,9265,8936,9063,877477,-0.0055957867017775165
2020-06-09,9139,9240,9012,9139,907204,0.008385744234800763
2020-06-10,9189,9569,9063,9468,1995843,0.03599956231535173
2020-06-11,9341,9417,9113,9139,1132003,-0.0347486269539502
2020-06-12,8607,9012,8404,8937,1533220,-0.02210307473465367
2020-06-15,8860,8860,8025,8025,1454326,-0.1020476670023498
2020-06-16,8354,8734,8253,8557,841781,0.06629283489096571
2020-06-17,8430,8784,8354,8658,792083,0.011803202056795525
2020-06-18,8658,8860,8506,8582,522869,-0.008778008778008828
2020-06-19,8683,8961,8658,8962,1006577,0.04427872290841295
2020-06-22,8885,9063,8784,9013,866781,0.0056906940415086815
2020-06-23,9113,9366,8708,8734,1226202,-0.030955286807944127
2020-06-24,8810,9037,8734,8861,1250169,0.014540874742386078
2020-06-25,8658,8835,8531,8532,683399,-0.037128992213068535
2020-06-26,8632,8708,8303,8456,791896,-0.008907641819034251
2020-06-29,8278,8531,8202,8228,478701,-0.02696310312204353
2020-06-30,8531,9164,8480,8937,2220844,0.08616917841516769
2020-07-01,9265,9265,8911,8987,1179943,0.0055947185856550785
2020-07-02,9012,9088,8810,9038,634432,0.005674863691999654
2020-07-03,9113,9139,8759,8835,880357,-0.022460721398539496
2020-07-06,8885,9164,8784,9164,1005143,0.037238256932654146
2020-07-07,9291,9316,8885,8886,1191306,-0.030336097773897897
2020-07-08,8987,9366,8961,9367,2605205,0.05413009227999099
2020-07-09,9518,9797,9417,9569,3397987,0.021565068858759417
2020-07-10,9923,10177,9645,9772,3749787,0.02121433796634964
2020-07-13,9923,10101,9594,9975,1770868,0.02077363896848139
2020-07-14,9873,10911,9772,10911,6987234,0.09383458646616538
2020-07-15,10961,11063,10658,10987,3563733,0.0069654477133167525
2020-07-16,11012,11215,10708,10759,2620495,-0.020751797578956954
2020-07-17,10835,10987,10632,10759,1258263,0.0
2020-07-20,10759,10809,10303,10456,1507701,-0.02816246863091365
2020-07-21,10582,10784,10379,10785,1460146,0.03146518745218052
2020-07-22,10708,10784,10455,10759,975547,-0.002410755679184029
2020-07-23,10885,10885,10253,10380,1386460,-0.03522632214889865
2020-07-24,10177,10303,9923,10126,1285961,-0.02447013487475913
2020-07-27,10126,10455,10126,10354,951020,0.022516294686944605
2020-07-28,10582,11189,10556,10734,3296232,0.03670079196445819
2020-07-29,10708,10809,10480,10658,738432,-0.0070803055710825236
2020-07-30,10860,11341,10556,11215,3115747,0.052261212234940846
2020-07-31,11316,11316,10759,10785,1439695,-0.038341506910387846
2020-08-03,10784,11012,10480,10911,1063428,0.011682892906815123
2020-08-04,10961,11139,10784,11088,914326,0.016222161121803635
2020-08-05,11240,11240,10885,10962,1648902,-0.011363636363636354
2020-08-06,11063,11113,10809,10861,806457,-0.009213647144681647
2020-08-07,10885,10961,10455,10557,1059026,-0.027990056164257426
2020-08-10,10531,10582,10101,10202,1727711,-0.03362697736099274
2020-08-11,10253,10455,9999,10405,1127702,0.01989805920407761
2020-08-12,10455,10607,10050,10126,1106573,-0.026814031715521436
2020-08-13,10379,10430,10126,10126,806633,0.0
2020-08-14,10151,10202,9797,9848,721427,-0.027454078609520094
2020-08-18,9797,9923,9316,9443,964420,-0.04112510154346061
2020-08-19,9442,10050,9215,10000,1236998,0.0589854918987609
2020-08-20,9898,9898,9164,9367,1087857,-0.06330000000000002
2020-08-21,9442,9594,9088,9316,712029,-0.005444646098003658
2020-08-24,9139,9468,9012,9418,692858,0.010948905109489093
2020-08-25,9594,9923,9518,9899,835336,0.05107241452537692
2020-08-26,9898,9974,9518,9848,686735,-0.005152035559147339
2020-08-27,9847,9847,9468,9494,723662,-0.035946385052802565
2020-08-28,9569,9898,9493,9645,766775,0.0159047819675584
2020-08-31,9847,9847,9544,9645,471572,0.0
2020-09-01,9670,9949,9620,9797,452297,0.01575946086054958
2020-09-02,10025,10404,9949,10329,2047858,0.054302337450239824
2020-09-03,10632,10784,10506,10607,2311279,0.026914512537515645
2020-09-04,10025,10253,9999,10202,1571406,-0.03818233242198543
2020-09-07,10303,10303,10050,10076,809094,-0.012350519505979207
2020-09-08,10202,10404,10075,10126,794653,0.004962286621675194
2020-09-09,9873,10253,9822,10228,842719,0.010073079202054025
2020-09-10,10480,10480,10177,10304,884554,0.007430582714118117
2020-09-11,10202,10379,10101,10278,375196,-0.0025232919254658537
2020-09-14,10455,11063,10404,11038,3194105,0.07394434714925091
2020-09-15,11037,11037,10708,10937,1360348,-0.009150208371081714
2020-09-16,10936,10936,10379,10405,1023665,-0.04864222364450943
2020-09-17,10404,10480,10126,10126,775923,-0.026814031715521436
2020-09-18,10202,10303,9974,10253,429687,0.01254197116334188
2020-09-21,10227,10379,9721,9747,633034,-0.04935140934360671
2020-09-22,9772,9822,9366,9544,571514,-0.020826921103929363
2020-09-23,9670,9949,9265,9823,545301,0.029233025984912064
2020-09-24,9594,9772,9442,9443,457812,-0.03868471953578334
2020-09-25,9620,9696,9392,9569,282678,0.013343217197924417
2020-09-28,9772,9949,9645,9949,259282,0.03971156860696001
2020-09-29,10050,10050,9746,9797,348557,-0.015277917378631045
2020-10-05,9822,10025,9797,10000,281074,0.020720628763907234
2020-10-06,10101,10126,9873,9975,380910,-0.0024999999999999467
2020-10-07,9797,9974,9797,9975,452100,0.0
2020-10-08,10177,10278,9923,10025,706051,0.005012531328320913
2020-10-12,10126,10177,9898,9949,546348,-0.00758104738154608
2020-10-13,10126,10151,9772,9772,512390,-0.017790732736958526
2020-10-14,9822,9898,9468,9544,620501,-0.0233319688907081
2020-10-15,9569,9594,9215,9367,654114,-0.01854568315171834
2020-10-16,9468,9493,9063,9316,500014,-0.005444646098003658
2020-10-19,9316,9341,8987,9038,484433,-0.029841133533705433
2020-10-20,8936,9468,8936,9418,788951,0.04204470015490158
2020-10-21,9417,9569,9366,9468,265807,0.0053089827988956895
2020-10-22,9366,9442,9037,9063,441008,-0.04277566539923949
2020-10-23,9088,9164,8835,8962,335095,-0.01114421273309063
2020-10-26,8911,8936,8328,8354,638296,-0.0678419995536711
2020-10-27,8253,8531,8202,8405,589834,0.006104859947330565
2020-10-28,8328,8734,8328,8734,389087,0.03914336704342647
2020-10-29,8480,9012,8430,9013,389782,0.03194412640256461
2020-10-30,8961,9189,8658,8810,396590,-0.022523022301120577
2020-11-02,8860,8860,8607,8785,202158,-0.002837684449489175
2020-11-03,8860,9037,8860,9013,370077,0.02595332953898688
2020-11-04,9164,9442,9037,9392,804945,0.04205037168534331
2020-11-05,9468,9544,9265,9519,476533,0.013522146507666033
2020-11-06,9594,9670,9240,9342,443799,-0.018594390167034347
2020-11-09,9493,9493,9316,9392,286158,0.005352172982230785
2020-11-10,9366,9366,9113,9291,303366,-0.010753833049403694
2020-11-11,9291,9316,9063,9190,416016,-0.010870735120008579
2020-11-12,9291,9341,9063,9139,280531,-0.005549510337323205
2020-11-13,9088,9240,9012,9240,319534,0.01105153736732678
2020-11-16,9316,9847,9316,9797,1415021,0.06028138528138527
2020-11-17,9822,9898,9594,9721,676145,-0.007757476778605721
2020-11-18,9645,9847,9417,9494,727099,-0.023351507046600162
2020-11-19,9366,9721,9366,9671,507663,0.01864335369707182
2020-11-20,9746,9822,9569,9671,411701,0.0
2020-11-23,9670,9822,9493,9671,831398,0.0
2020-11-24,9772,10025,9645,9848,1060012,0.01830214041981182
2020-11-25,10202,10253,9772,10000,1877993,0.015434606011372809
2020-11-26,10101,10734,10025,10506,4275407,0.05059999999999998
2020-11-27,10506,10658,10455,10557,970971,0.004854368932038833
2020-11-30,10582,10632,10303,10354,845521,-0.019228947617694447
2020-12-01,10379,10531,10075,10152,968789,-0.019509368360054125
2020-12-02,10202,10531,10151,10304,1021718,0.014972419227738287
2020-12-03,10379,10430,10177,10354,608447,0.004852484472049667
2020-12-04,10303,10354,9974,10101,858821,-0.024435000965810305
2020-12-07,10101,10303,9898,10076,503014,-0.00247500247500243
2020-12-08,10075,10278,10025,10126,456042,0.004962286621675194
2020-12-09,10126,10278,10075,10228,480341,0.010073079202054025
2020-12-10,10177,10354,10075,10101,521508,-0.012416894798592093
2020-12-11,10177,10202,10101,10152,308150,0.005049005049005073
2020-12-14,10151,10430,10025,10253,661157,0.009948778565799898
2020-12-15,10253,10379,10126,10253,563373,0.0
2020-12-16,10328,10632,10202,10557,1134796,0.029649858577977195
2020-12-17,10734,10961,10607,10734,1650267,0.016766126740551224
2020-12-18,10860,10936,10658,10658,816354,-0.0070803055710825236
2020-12-21,10809,11063,10759,10886,1394649,0.021392381309814246
2020-12-22,10911,10961,10354,10430,1145315,-0.041888664339518655
2020-12-23,10556,10885,10354,10759,1369376,0.03154362416107381
2020-12-24,10911,10961,10658,10835,811369,0.007063853517984997
2020-12-28,10936,11265,10835,11139,1771437,0.028057221965851475
2020-12-29,11240,11518,11088,11190,1298877,0.004578507945057986
2020-12-30,11139,12151,11037,11975,2931886,0.07015192135835568
2021-01-04,12202,12379,11974,12076,1651112,0.008434237995824656
2021-01-05,11923,12050,11620,11797,1471937,-0.023103676714143706
2021-01-06,11923,11999,11341,11367,1451413,-0.03644994490124609
2021-01-07,11493,11569,11290,11519,1053899,0.013372041875604923
2021-01-08,11620,11670,11265,11519,1153871,0.0
2021-01-11,11594,11822,11139,11443,1626454,-0.006597794947478031
2021-01-12,11569,11898,11215,11443,1764846,0.0
2021-01-13,11518,11746,11442,11544,707680,0.008826356724635165
2021-01-14,11544,11594,11265,11418,978956,-0.010914760914760957
2021-01-15,11544,11898,11544,11595,2045456,0.015501839201261136
2021-01-18,11670,11847,11442,11519,1863785,-0.006554549374730434
2021-01-19,11594,11873,11341,11873,1190816,0.030731834360621546
2021-01-20,11898,12126,11670,12101,1753485,0.019203234228922783
2021-01-21,12151,12177,11873,12025,905533,-0.006280472688207639
2021-01-22,12278,12328,11721,11823,1066203,-0.016798336798336755
2021-01-25,11898,12025,11670,11823,916690,0.0
2021-01-26,12151,12759,12050,12759,4264750,0.07916772392793714
2021-01-27,12658,12658,11999,12025,2101460,-0.057528019437259936
2021-01-28,11645,11898,11417,11645,1148201,-0.0316008316008316
2021-01-29,11797,12202,11139,11367,1678871,-0.023872906826964413
2021-02-01,11240,11620,11063,11569,622025,0.017770739861001195
2021-02-02,11645,11797,11392,11519,608500,-0.004321894718644637
2021-02-03,11670,11670,11265,11494,626122,-0.0021703272853546007
2021-02-04,11468,11493,11215,11342,512927,-0.013224290934400584
2021-02-05,11493,11493,11240,11266,485577,-0.006700758243695981
2021-02-08,11341,11442,11215,11215,363393,-0.0045268950825492205
2021-02-09,11290,11518,11189,11266,553737,0.004547481052162183
2021-02-10,11316,11341,11012,11291,531010,0.0022190662169359054
2021-02-15,11518,11797,11468,11696,959662,0.03586927641484361
2021-02-16,11771,11797,11493,11544,780914,-0.012995896032831689
2021-02-17,11544,11544,11265,11519,551959,-0.002165627165627182
2021-02-18,11544,11594,11316,11342,385358,-0.015365917180310773
2021-02-19,11316,11645,11265,11494,738929,0.013401516487391962
2021-02-22,11746,11797,11392,11392,839197,-0.008874195232295157
2021-02-23,11341,11569,11215,11544,656997,0.01334269662921339
2021-02-24,11645,11645,11088,11088,727460,-0.03950103950103945
2021-02-25,11341,11417,11240,11316,332978,0.02056277056277067
2021-02-26,10885,11139,10809,10987,472693,-0.029073877695298678
2021-03-02,11392,11493,11012,11114,416429,0.011559115318103164
2021-03-03,11088,11240,10987,11240,269092,0.011337052366384714
2021-03-04,11037,11139,10860,10937,286041,-0.026957295373665535
2021-03-05,10734,10759,10480,10709,399951,-0.02084666727621831
2021-03-08,10835,10860,10328,10329,433570,-0.03548417219161448
2021-03-09,10253,10354,9620,9975,963853,-0.03427243682834735
2021-03-10,10227,10227,9822,9823,498296,-0.015238095238095273
2021-03-11,9847,10202,9822,10126,397713,0.030845973735111443
2021-03-12,10278,10632,10253,10557,463215,0.04256369741260113
2021-03-15,10582,10582,10328,10329,383689,-0.02159704461494738
2021-03-16,10404,10632,10379,10607,241852,0.026914512537515645
2021-03-17,10632,10683,10430,10481,237590,-0.01187894786461774
2021-03-18,10582,10835,10556,10658,290177,0.016887701555195145
2021-03-19,10430,10784,10354,10734,292974,0.007130793769938082
2021-03-22,10809,10961,10632,10861,434623,0.01183156325694057
2021-03-23,11012,11037,10632,10633,384581,-0.020992542123193125
2021-03-24,10632,11037,10480,10987,533757,0.033292579704693015
2021-03-25,10885,10936,10734,10785,325293,-0.01838536452170747
2021-03-26,10835,10885,10607,10633,320348,-0.014093648585999041
2021-03-29,10987,11037,10784,10886,587563,0.02379384933696982
2021-03-30,10961,10961,10759,10810,286112,-0.0069814440565864055
2021-03-31,10835,10885,10556,10557,411896,-0.023404255319148914
2021-04-01,10658,11037,10658,11013,690251,0.04319408922989476
2021-04-02,11366,11620,11316,11468,1613116,0.04131480977027158
2021-04-05,11771,11898,11569,11823,1265804,0.03095570282525295
2021-04-06,11923,11949,11518,11797,828738,-0.0021991034424426736
2021-04-07,11771,11847,11493,11620,582053,-0.015003814529117587
2021-04-08,11544,11746,11442,11519,371890,-0.008691910499139421
2021-04-09,11594,11696,11417,11494,610843,-0.0021703272853546007
2021-04-12,11518,11620,11265,11595,559265,0.008787193318253061
2021-04-13,11746,11949,11670,11873,1136828,0.023975851660198444
2021-04-14,11493,11797,11442,11747,1249901,-0.010612313652825778
2021-04-15,11746,13392,11620,12734,7536353,0.08402145228568991
2021-04-16,12784,13544,12607,13266,3660662,0.041777917386524255
2021-04-19,13417,14354,13265,14101,4180985,0.06294286145032424
2021-04-20,14202,14404,13873,14304,1688130,0.014396142117580224
2021-04-21,14075,14683,14050,14557,1199127,0.01768736017897088
2021-04-22,14607,14759,13594,13747,2787300,-0.055643333104348436
2021-04-23,13670,13974,13544,13696,1146235,-0.00370990034189278
2021-04-26,13746,14126,13620,13873,1039825,0.012923481308411144
2021-04-27,13873,13974,13620,13721,576783,-0.010956534275210816
2021-04-28,13771,13847,12860,13012,1520499,-0.05167261861380368
2021-04-29,13113,13240,12658,13063,1115470,0.003919458960959021
2021-04-30,13037,13215,12506,12810,1303333,-0.01936767970603992
2021-05-03,12784,13063,12354,12405,780034,-0.031615925058548044
2021-05-04,12354,13037,12202,13038,1019476,0.05102781136638446
2021-05-06,12835,12987,12683,12810,614117,-0.017487344684767647
2021-05-07,12911,12936,12632,12683,544462,-0.0099141295862607
2021-05-10,12809,12860,12455,12582,587083,-0.007963415595679257
2021-05-11,12404,12506,11847,11899,1405247,-0.05428389763153707
2021-05-12,12050,12278,11847,12076,810236,0.014875199596604771
2021-05-13,11771,11974,11620,11823,806503,-0.02095064590924145
2021-05-14,12101,12556,12075,12456,1123293,0.053539710733316426
2021-05-17,12556,12708,12075,12101,946291,-0.028500321130378925
2021-05-18,12101,13088,12050,13088,1753160,0.08156350714816951
2021-05-20,12987,13923,12911,13696,2148065,0.046454767726161306
2021-05-21,13746,13771,13139,13468,995047,-0.016647196261682207
2021-05-24,13341,13392,12835,12861,786992,-0.04506979506979503
2021-05-25,13037,13620,13012,13266,1087180,0.03149055283414981
2021-05-26,13139,13316,12860,12962,532770,-0.02291572440826173
2021-05-27,13012,13341,12658,13342,662407,0.02931646350871775
2021-05-28,13417,13417,12987,13088,461975,-0.01903762554339683
2021-05-31,13113,13569,12835,13519,672181,0.032930929095354555
2021-06-01,13392,13518,13265,13418,384262,-0.007470966787484268
2021-06-02,13417,13518,13037,13063,549402,-0.026456998062304393
2021-06-03,13088,13696,13037,13316,1090283,0.01936767970604003
2021-06-04,13189,13392,13037,13392,485024,0.0057074196455391135
2021-06-07,13746,13822,13417,13418,671113,0.0019414575866187889
2021-06-08,13417,13493,13139,13443,512842,0.0018631688776271638
2021-06-09,13442,13670,13265,13519,602597,0.005653499962805952
2021-06-10,13569,13620,13366,13620,389784,0.007470966787484379
2021-06-11,13696,13721,13468,13595,322388,-0.0018355359765050983
2021-06-14,13670,13822,13620,13772,447958,0.013019492460463411
2021-06-15,13898,13898,13392,13443,563975,-0.023889050246877708
2021-06-16,13392,13442,12987,13012,800388,-0.03206129584170203
2021-06-17,12961,13290,12860,13012,494265,0.0
2021-06-18,13442,13797,13366,13544,1137324,0.040885336612357825
2021-06-21,13417,13442,13139,13215,543869,-0.024291199054932044
2021-06-22,13290,13392,13088,13190,299861,-0.0018917896329928574
2021-06-23,13240,13442,13012,13114,369484,-0.00576194086429116
2021-06-24,13139,13240,12911,12962,499894,-0.01159066646332163
2021-06-25,13088,13493,13088,13164,615387,0.015584014812529023
2021-06-28,13215,13442,13189,13266,292055,0.007748404740200554
2021-06-29,13468,13620,13316,13367,481569,0.0076134479119553955
2021-06-30,13417,13518,13240,13443,306609,0.00568564374953251
2021-07-01,13569,13569,13215,13367,274213,-0.005653499962805952
2021-07-02,13417,13417,13063,13164,411201,-0.01518665369940897
2021-07-05,13164,13189,12936,12987,569223,-0.013445761166818615
2021-07-06,12987,13088,12936,12962,294169,-0.0019250019250018902
2021-07-07,12961,12987,12607,12785,731912,-0.013655300108007973
2021-07-08,12784,12784,12455,12506,459473,-0.021822448181462617
2021-07-09,12328,12455,12101,12304,482847,-0.016152246921477653
2021-07-12,12379,12809,12354,12582,540433,0.022594278283485147
2021-07-13,12936,13063,12809,12886,865671,0.024161500556350246
2021-07-14,12835,13037,12784,13012,388040,0.009778053701691825
2021-07-15,13088,13139,12885,13114,491391,0.007838917921918265
2021-07-16,13012,13063,12708,12759,451756,-0.02707030654262621
2021-07-19,12733,13088,12582,13088,459879,0.025785719884003466
2021-07-20,12835,13037,12708,12861,335555,-0.01734413202933982
2021-07-21,12961,12987,12733,12835,343870,-0.002021615737500926
2021-07-22,13037,14227,12987,14000,3324170,0.09076743280093491
2021-07-23,14075,14252,13797,14126,1232534,0.008999999999999897
2021-07-26,14126,14430,13923,14228,891271,0.007220727736089394
2021-07-27,14354,14531,13746,13924,795279,-0.021366319932527356
2021-07-28,13847,14050,13417,13595,800690,-0.023628267739155384
2021-07-29,13771,13898,13518,13544,422121,-0.003751379183523307
2021-07-30,13569,13746,13290,13418,532323,-0.009303012404016542
2021-08-02,13417,13923,13366,13823,638092,0.0301833358175585
2021-08-03,13822,14278,13670,13949,678997,0.009115242711422944
2021-08-04,14177,14379,13797,13797,736771,-0.010896838483045346
2021-08-05,13873,14278,13847,14177,728262,0.02754221932304124
2021-08-06,14252,14328,14050,14278,458874,0.007124215278267565
2021-08-09,14404,14885,14303,14506,1121555,0.015968623056450415
2021-08-10,14582,14632,13999,14278,629159,-0.01571763408244864
2021-08-11,14050,14177,13240,13443,1537899,-0.05848158005322879
2021-08-12,13392,13442,12885,12962,1319913,-0.035780703711969064
2021-08-13,12860,13189,12607,13164,1017242,0.015584014812529023
2021-08-17,13215,13240,12683,12759,629690,-0.030765724703737507
2021-08-18,12658,12961,12404,12937,357468,0.013950936593776886
2021-08-19,12708,12987,12252,12304,644353,-0.04892942722424054
2021-08-20,12506,12658,11949,12076,480270,-0.01853055916775037
2021-08-23,12227,12582,12101,12506,336555,0.03560781715799943
2021-08-24,12683,12885,12506,12886,396694,0.03038541500079961
2021-08-25,13113,13164,12683,12810,370658,-0.005897873661337871
2021-08-26,12961,13113,12759,12835,387921,0.001951600312255941
2021-08-27,12835,12911,12632,12759,225412,-0.005921308920919355
2021-08-30,13037,13037,12759,12835,310228,0.005956579669253115
2021-08-31,12835,13164,12733,13139,501485,0.02368523568367742
2021-09-01,13164,13265,12961,13114,341980,-0.001902732323616707
2021-09-02,13139,13139,12708,12709,377600,-0.030883025773982054
2021-09-03,12733,12784,12430,12531,674441,-0.014005822645369426
2021-09-06,12531,12759,12404,12506,412287,-0.001995052270369446
2021-09-07,12455,12582,12354,12531,320383,0.0019990404605789713
2021-09-08,12582,12582,12328,12329,368009,-0.016120022344585427
2021-09-09,12328,12430,11873,11899,684973,-0.034877118987752476
2021-09-10,11999,12227,11822,12076,290718,0.014875199596604771
2021-09-13,12075,12379,11949,12152,462830,0.006293474660483689
2021-09-14,12278,12328,12075,12177,266949,0.0020572745227123157
2021-09-15,12151,12177,11923,12025,337094,-0.012482549067914905
2021-09-16,12075,12101,11670,11721,446761,-0.025280665280665304
2021-09-17,11746,12025,11569,11924,520975,0.01731934135312696
2021-09-23,11847,11847,11518,11519,461813,-0.0339651123783965
2021-09-24,11620,11696,11240,11367,537747,-0.013195589894956172
2021-09-27,11392,11392,11164,11367,535247,0.0
2021-09-28,11442,11468,10835,10886,847732,-0.04231547461951257
2021-09-29,10556,10835,10455,10683,760933,-0.01864780451956638
2021-09-30,10708,10784,10531,10658,353210,-0.0023401666198633597
2021-10-01,10531,10582,10126,10329,564967,-0.03086883092512671
2021-10-05,10177,10227,9873,10025,548760,-0.02943169716332661
2021-10-06,10126,10202,9873,9949,659336,-0.00758104738154608
2021-10-07,10101,10784,10101,10633,707684,0.06875062820383948
2021-10-08,10455,10506,9518,9595,1717094,-0.09762061506630304
2021-10-12,9518,9544,9215,9443,641357,-0.015841584158415856
2021-10-13,9366,9594,9341,9443,341984,0.0
2021-10-14,9544,9822,9518,9772,370632,0.03484062268346921
2021-10-15,10151,10227,9949,9975,566316,0.02077363896848139
2021-10-18,9822,10303,9721,10152,449921,0.017744360902255618
2021-10-19,10379,10379,9999,10076,359986,-0.007486209613869144
2021-10-20,10151,10177,9772,9797,381951,-0.027689559348948012
2021-10-21,9898,9898,9594,9747,227235,-0.005103603143819524
2021-10-22,9797,9822,9569,9595,331074,-0.015594541910331383
2021-10-25,9696,9772,9417,9721,312754,0.013131839499739506
2021-10-26,9772,9999,9772,9975,379075,0.026128999074169323
2021-10-27,9999,10177,9898,10025,396284,0.005012531328320913
2021-10-28,10025,11063,9999,10785,1664967,0.07581047381546124
2021-10-29,10987,11088,10658,10759,756874,-0.002410755679184029
2021-11-01,10759,10784,10480,10658,400184,-0.009387489543637884
2021-11-02,10759,10961,10632,10633,428694,-0.0023456558453743837
2021-11-03,10784,10784,10202,10304,572908,-0.03094140882159313
2021-11-04,10506,10683,10151,10202,336146,-0.009899068322981375
2021-11-05,10404,10632,10227,10354,421412,0.014899039404038472
2021-11-08,10303,10404,10101,10380,291439,0.0025111068186207675
2021-11-09,10354,10455,10025,10101,425510,-0.02687861271676295
2021-11-10,10101,10101,9493,9645,517386,-0.04514404514404513
2021-11-11,9468,9696,9291,9595,439847,-0.005184033177812353
2021-11-12,9645,10430,9645,10329,631727,0.0764981761334027
2021-11-15,10354,10759,10354,10582,622713,0.024494142705005384
2021-11-16,10607,10860,10455,10607,632400,0.002362502362502461
2021-11-17,10683,10734,10455,10557,318074,-0.004713868200245108
2021-11-18,10455,10480,10202,10278,318702,-0.026427962489343537
2021-11-19,10430,10911,10430,10861,627741,0.05672309787896479
2021-11-22,11164,11822,11088,11645,2104017,0.07218488168676918
2021-11-23,11620,11670,11215,11367,646755,-0.023872906826964413
2021-11-24,11366,11594,10784,11013,590512,-0.031142781736606007
2021-11-25,11037,11139,10632,10658,347806,-0.032234631798783275
2021-11-26,10658,10911,10177,10304,511874,-0.033214486770500984
2021-11-29,9873,10379,9873,10126,474226,-0.017274844720496896
2021-11-30,10404,10430,9620,9747,557003,-0.03742840213312271
2021-12-01,9772,10430,9620,10304,395806,0.05714578844772755
2021-12-02,10126,11189,10075,10911,1261553,0.05890916149068315
2021-12-03,11037,11316,10784,11190,823840,0.025570525158097324
2021-12-06,11012,11392,10987,11190,391168,0.0
2021-12-07,11316,11544,11088,11139,372844,-0.004557640750670222
2021-12-08,11493,11645,10885,10962,540761,-0.01589011580931865
2021-12-09,11012,11113,10734,10937,309238,-0.0022806057288815573
2021-12-10,10860,10961,10658,10683,289515,-0.023223918807716903
2021-12-13,10809,10961,10607,10683,229121,0.0
2021-12-14,10632,10759,10455,10759,198285,0.007114106524384489
2021-12-15,10734,10759,10354,10405,426705,-0.03290268612324565
2021-12-16,10582,11088,10582,10886,677842,0.04622777510812104
2021-12-17,10658,10885,10531,10633,327953,-0.023240859819952275
2021-12-20,10582,10708,10430,10430,205622,-0.019091507570770272
2021-12-21,10632,10809,10430,10810,277395,0.0364333652924258
2021-12-22,11037,11189,10658,10683,397808,-0.011748381128584673
2021-12-23,10835,11215,10734,11215,933315,0.049798745670691646
2021-12-24,11265,11544,11088,11519,873091,0.027106553722692883
2021-12-27,11569,11594,11316,11367,411398,-0.013195589894956172
2021-12-28,11442,11518,11215,11392,413715,0.0021993489926981358
2021-12-29,11392,11493,11037,11164,401227,-0.020014044943820197
2021-12-30,11189,11442,11088,11443,489218,0.024991042637047656
2022-01-03,11493,11493,11240,11468,266998,0.0021847417635234567
2022-01-04,11544,11569,11215,11240,379492,-0.01988140913847225
2022-01-05,11164,11164,10658,10734,572966,-0.04501779359430602
2022-01-06,10455,10658,10404,10481,559715,-0.02356996459847216
2022-01-07,10607,10759,10556,10709,254777,0.021753649460929392
2022-01-10,10531,10658,10278,10354,343890,-0.03314968717900835
2022-01-11,10379,10480,10177,10329,212817,-0.002414525787135413
2022-01-12,10430,10506,10354,10506,310180,0.017136218414173676
2022-01-13,10556,10556,10202,10329,316469,-0.01684751570531129
2022-01-14,10227,10455,10151,10430,207528,0.009778294123341968
2022-01-17,10480,10506,10227,10253,192941,-0.01697027804410356
2022-01-18,10379,10430,10177,10202,173317,-0.004974153906173839
2022-01-19,10126,10177,9923,9975,249280,-0.02225053910997843
2022-01-20,9923,10126,9873,10126,311369,0.015137844611528894
2022-01-21,9974,9999,9645,9797,386630,-0.032490618210547106
2022-01-24,9645,9746,9442,9595,237357,-0.020618556701030966
2022-01-25,9620,9746,9265,9418,291455,-0.018447107868681645
2022-01-26,9341,9670,9265,9544,372565,0.013378636653217146
2022-01-27,9544,9696,9240,9291,252243,-0.02650880134115674
2022-01-28,9316,10151,9037,10025,551444,0.07900118394144862
2022-02-03,10126,10455,9999,10000,284843,-0.0024937655860348684
2022-02-04,9949,10227,9847,10152,225250,0.015200000000000102
2022-02-07,10126,10126,9822,9924,168099,-0.022458628841607542
2022-02-08,9949,9999,9645,9696,345166,-0.022974607013301118
2022-02-09,9797,9999,9696,9873,221162,0.01825495049504955
2022-02-10,10050,10050,9696,9873,163260,0.0
2022-02-11,9696,9847,9544,9569,180247,-0.030791046287855783
2022-02-14,9366,9468,9113,9240,179653,-0.034381858083394334
2022-02-15,9164,9366,8987,9063,204186,-0.01915584415584415
2022-02-16,9316,9518,9291,9519,138060,0.05031446540880502
2022-02-17,9468,9772,9417,9519,365001,0.0
2022-02-18,9366,9569,9316,9544,142874,0.002626326294778769
2022-02-21,9366,9468,9291,9392,106744,-0.0159262363788768
2022-02-22,9215,9341,9063,9164,283739,-0.024275979557069838
2022-02-23,9291,9493,9265,9443,235026,0.030445220427760766
2022-02-24,9291,9392,9113,9190,183059,-0.026792332945038688
2022-02-25,9341,9493,9265,9443,154335,0.027529923830250214
2022-02-28,9442,9493,9366,9494,71871,0.005400826008683746
2022-03-02,9392,9670,9366,9620,121810,0.013271539919949449
2022-03-03,9721,10025,9696,9975,338771,0.03690228690228681
2022-03-04,9822,9999,9772,9949,140010,-0.0026065162907268347
2022-03-07,9797,9873,9645,9747,131614,-0.020303548095286006
2022-03-08,9594,9696,9417,9468,197922,-0.028624192059095055
2022-03-10,9696,9999,9670,9721,285443,0.026721588508660687
2022-03-11,9772,9797,9544,9620,124421,-0.01038987758461063
2022-03-14,9518,9544,9215,9266,181801,-0.03679833679833677
2022-03-15,9189,9417,9189,9342,59905,0.008202028922944082
2022-03-16,9493,9518,9341,9468,158433,0.01348747591522148
2022-03-17,9670,9847,9670,9696,165223,0.02408111533586821
2022-03-18,9746,9746,9569,9696,111962,0.0
2022-03-21,9721,9772,9620,9696,92734,0.0
2022-03-22,9772,9949,9696,9899,246636,0.020936468646864714
2022-03-23,10050,10050,9746,9848,177024,-0.005152035559147339
2022-03-24,9772,9797,9645,9797,146553,-0.005178716490658042
2022-03-25,9923,10075,9847,9848,229761,0.005205675206696014
2022-03-28,9822,9923,9721,9899,136976,0.005178716490658042
2022-03-29,9974,10734,9873,10709,1235756,0.08182644711587028
2022-03-30,10708,10784,10379,10506,602927,-0.018956018302362487
2022-03-31,10379,10480,10227,10405,338818,-0.009613554159527915
2022-04-01,10303,10354,10177,10304,237489,-0.009706871696299801
2022-04-04,10278,10582,10202,10582,244216,0.02697981366459623
2022-04-05,10607,10658,10455,10506,276131,-0.007182007182007233
2022-04-06,10354,10430,10253,10253,137379,-0.024081477251094663
2022-04-07,10227,10531,9999,10481,343675,0.022237393933482785
2022-04-08,10632,10987,10531,10861,1173584,0.0362560824348821
2022-04-11,10809,10987,10708,10810,487546,-0.004695700211766907
2022-04-12,10809,10809,10303,10354,659466,-0.04218316373728026
2022-04-13,10379,10911,10379,10911,603450,0.0537956345373769
2022-04-14,10911,11037,10734,10937,396260,0.0023829163229767136
2022-04-15,10759,11139,10708,10987,397196,0.0045716375605742154
2022-04-18,11037,11215,10936,11063,454023,0.006917265859652355
2022-04-19,11164,11417,11088,11291,675944,0.020609238000542263
2022-04-20,11645,11696,11442,11443,740108,0.013462049419892042
2022-04-21,11493,11569,11265,11494,502175,0.004456873197588029
2022-04-22,11290,11493,11215,11494,327450,0.0
2022-04-25,11290,11341,10936,10937,342610,-0.048460066121454703
2022-04-26,11063,11164,10961,10987,225546,0.0045716375605742154
2022-04-27,10708,11012,10632,11013,267529,0.002366433057249484
2022-04-28,11113,11113,10759,11038,201968,0.0022700444928720476
2022-04-29,11164,11341,11037,11190,268341,0.013770610617865664
2022-05-02,11037,11113,10784,10835,306633,-0.03172475424486143
2022-05-03,10936,11215,10885,10987,245216,0.014028610982925738
2022-05-04,11113,11139,10759,10785,243349,-0.01838536452170747
2022-05-06,10632,10911,10607,10835,151449,0.004636068613815381
2022-05-09,10708,10759,10354,10380,211419,-0.041993539455468354
2022-05-10,10101,10506,9898,10405,478490,0.002408477842003931
2022-05-11,10354,10658,10253,10582,173998,0.017011052378664182
2022-05-12,10379,10556,10126,10228,237108,-0.03345303345303341
2022-05-13,10227,10809,10075,10785,385765,0.05445834962847096
2022-05-16,10885,10911,10531,10607,255950,-0.01650440426518307
2022-05-17,10582,10809,10582,10759,193539,0.014330159328745262
2022-05-18,10885,10936,10632,10658,225183,-0.009387489543637884
2022-05-19,10328,10658,10278,10607,221839,-0.004785137924563698
2022-05-20,10632,10734,10506,10658,149857,0.0048081455642501325
2022-05-23,10683,10835,10430,10531,233561,-0.01191593169450178
2022-05-24,10480,10607,10227,10228,213068,-0.02877219637261419
2022-05-25,10278,10354,10177,10202,202901,-0.0025420414548298353
2022-05-26,10227,10379,9923,10126,307553,-0.007449519702019236
2022-05-27,10253,10278,10025,10076,273083,-0.0049377839225756
2022-05-30,10227,10278,10151,10228,144147,0.015085351329892749
2022-05-31,10253,10278,10101,10177,181104,-0.004986312084473976
2022-06-02,10151,10151,9923,10025,354800,-0.014935639186400729
2022-06-03,10126,10177,9999,10076,194878,0.0050872817955112115
2022-06-07,10025,10025,9746,9747,205689,-0.03265184597062332
2022-06-08,9746,9873,9670,9696,166647,-0.00523237919359798
2022-06-09,9645,9670,9442,9595,293961,-0.01041666666666663
2022-06-10,9518,9518,9366,9468,150195,-0.013236060448150067
2022-06-13,9215,9265,8885,9013,419223,-0.04805661174482467
2022-06-14,8658,8936,8607,8911,361841,-0.011316986574947285
2022-06-15,8835,8961,8455,8557,349037,-0.03972618112445292
2022-06-16,8734,8860,8430,8456,328032,-0.011803202056795636
2022-06-17,8202,8328,8151,8304,285001,-0.01797540208136239
2022-06-20,8430,8430,7721,7873,468370,-0.05190269749518306
2022-06-21,7873,7974,7772,7873,376263,0.0
2022-06-22,7974,7999,7164,7190,747501,-0.0867521910326432
2022-06-23,7164,7417,7088,7139,577530,-0.00709318497913769
2022-06-24,7164,7696,7164,7671,403984,0.07452024093010223
2022-06-27,7873,7974,7594,7848,282941,0.02307391474384035
2022-06-28,7822,7999,7822,7949,232660,0.01286952089704374
2022-06-29,7797,7949,7645,7797,276370,-0.01912190212605358
2022-06-30,7746,7746,7518,7570,260577,-0.02911376170321922
2022-07-01,7569,7670,7164,7240,305355,-0.04359313077939231
2022-07-04,7265,7341,6987,7190,178051,-0.006906077348066253
2022-07-05,7291,7518,7139,7392,170506,0.028094575799721744
2022-07-06,7366,7569,7215,7291,171081,-0.013663419913419905
2022-07-07,7341,7569,7341,7494,120048,0.027842545604169544
2022-07-08,7594,7721,7493,7544,147063,0.006672004270082743
2022-07-11,7645,8202,7544,7975,892509,0.057131495227995766
2022-07-12,7847,7847,7341,7595,935462,-0.04764890282131662
2022-07-13,7670,8961,7493,8278,4431513,0.08992758393680056
2022-07-14,8455,8531,8253,8278,978196,0.0
2022-07-15,8430,8531,8253,8354,667013,0.009180961584923875
2022-07-18,8480,8531,8379,8456,564868,0.01220971989466113
2022-07-19,8354,8556,8253,8430,528591,-0.0030747398297067408
2022-07-20,8632,8759,8480,8532,595509,0.012099644128113818
2022-07-21,8556,9189,8556,9164,1252606,0.07407407407407418
2022-07-22,9189,9366,9012,9088,690488,-0.008293321693583544
2022-07-25,8860,9088,8835,8911,465716,-0.019476232394366244
2022-07-26,8885,9063,8784,8911,441421,0.0
2022-07-27,8911,9037,8835,8962,317808,0.00572326338233653
2022-07-28,9063,9164,8885,8886,490891,-0.008480249944208929
2022-07-29,8987,9113,8759,8810,814166,-0.008552779653387299
2022-08-01,9650,9980,8820,8830,798948,0.002270147559591429
2022-08-02,8760,8790,8460,8620,370709,-0.023782559456398622
2022-08-03,8620,8620,8400,8420,238982,-0.023201856148491906
2022-08-04,8470,8560,8370,8390,185645,-0.0035629453681710332
2022-08-05,8410,8430,8280,8320,130511,-0.008343265792610244
2022-08-08,8320,8390,8260,8330,96696,0.0012019230769231282
2022-08-09,8330,8340,8080,8170,224600,-0.019207683073229287
2022-08-10,8080,8150,7960,7960,185016,-0.025703794369645094
2022-08-11,8110,8170,8030,8120,141038,0.0201005025125629
2022-08-12,8120,8360,8060,8340,176916,0.027093596059113212
2022-08-16,8350,8430,8300,8370,172953,0.003597122302158251
2022-08-17,8370,8370,8240,8240,141223,-0.015531660692950977
2022-08-18,8160,8350,8100,8350,131852,0.013349514563106846
2022-08-19,8180,8310,8180,8220,141575,-0.015568862275449069
2022-08-22,8120,8120,7950,7950,164915,-0.03284671532846717
2022-08-23,7640,7680,7310,7340,981819,-0.07672955974842766
2022-08-24,7400,7420,7060,7210,566059,-0.017711171662125325
2022-08-25,7250,7390,7150,7320,309068,0.015256588072122046
2022-08-26,7420,7530,7340,7470,416792,0.020491803278688492
2022-08-29,7120,7210,7060,7070,393585,-0.0535475234270415
2022-08-30,7100,7170,7030,7170,226488,0.014144271570014189
2022-08-31,7080,7460,7080,7450,377967,0.03905160390516049
2022-09-01,7370,7370,7120,7140,305485,-0.041610738255033586
2022-09-02,7230,7230,7020,7050,183298,-0.012605042016806678
2022-09-05,6970,7080,6780,6850,302297,-0.028368794326241176
2022-09-06,6850,6920,6800,6890,224548,0.005839416058394109
2022-09-07,6820,6870,6670,6760,205551,-0.018867924528301883
2022-09-08,6830,6880,6380,6700,819629,-0.00887573964497046
2022-09-13,6840,7240,6770,7160,813555,0.06865671641791038
2022-09-14,6790,7050,6760,6970,481141,-0.026536312849162025
2022-09-15,7000,7050,6870,6890,230008,-0.011477761836441891
2022-09-16,6790,6850,6650,6720,241683,-0.02467343976777936
2022-09-19,6730,6840,6630,6730,198701,0.0014880952380953438
2022-09-20,6790,6860,6670,6700,212217,-0.004457652303120341
2022-09-21,6680,6700,6500,6530,211283,-0.025373134328358193
2022-09-22,6370,6430,6180,6350,493353,-0.027565084226646275
2022-09-23,6300,6320,6040,6050,327692,-0.047244094488189003
2022-09-26,5900,5980,5730,5770,477504,-0.046280991735537236
2022-09-27,5680,5860,5650,5860,410558,0.015597920277296451
2022-09-28,5870,5870,5450,5530,519562,-0.05631399317406138
2022-09-29,5670,5710,5470,5470,384776,-0.010849909584086825
2022-09-30,5390,5520,5250,5490,310508,0.003656307129798808
2022-10-04,5690,5750,5610,5750,325870,0.04735883424408005
2022-10-05,5910,5940,5660,5680,266653,-0.012173913043478257
2022-10-06,5760,6060,5750,5940,368007,0.045774647887323994
2022-10-07,5860,6140,5840,5990,271806,0.008417508417508435
2022-10-11,5800,5800,5590,5620,301451,-0.06176961602671116
2022-10-12,5600,5850,5590,5750,324131,0.02313167259786475
2022-10-13,5690,5780,5570,5590,248881,-0.02782608695652178
2022-10-14,5750,5840,5660,5790,247272,0.035778175313059046
2022-10-17,5610,5760,5560,5740,180483,-0.008635578583765069
2022-10-18,5850,5870,5640,5730,232854,-0.0017421602787456303
2022-10-19,5730,5760,5560,5560,277543,-0.029668411867364797
2022-10-20,5570,5610,5490,5530,195045,-0.0053956834532373765
2022-10-21,5530,5630,5430,5560,389438,0.005424954792043302
2022-10-24,5670,5970,5670,5770,639560,0.03776978417266186
2022-10-25,5810,6020,5750,6010,561311,0.04159445407279039
2022-10-26,6010,6010,5870,5880,336338,-0.021630615640598982
2022-10-27,5940,6000,5820,5900,280719,0.00340136054421758
2022-10-28,5850,5970,5620,5650,399048,-0.0423728813559322
2022-10-31,5730,5910,5720,5870,340996,0.038938053097345104
2022-11-01,5880,5940,5840,5920,237313,0.008517887563884052
2022-11-02,5890,5940,5810,5850,192672,-0.011824324324324342
2022-11-03,5730,5950,5730,5910,261545,0.01025641025641022
2022-11-04,5900,5940,5800,5900,187721,-0.0016920473773265332
2022-11-07,5950,6170,5900,6150,417091,0.04237288135593231
2022-11-08,6170,6390,6160,6340,570548,0.030894308943089532
2022-11-09,6390,6440,6270,6290,310268,-0.007886435331230235
2022-11-10,6180,6360,6160,6290,160205,0.0
2022-11-11,6640,6650,6380,6490,495950,0.031796502384737746
2022-11-14,6560,6670,6510,6570,356514,0.012326656394453073
2022-11-15,6570,6910,6570,6900,375513,0.05022831050228316
2022-11-16,7000,7000,6800,6930,341410,0.004347826086956497
2022-11-17,6780,6820,6660,6750,275053,-0.025974025974025983
2022-11-18,6710,6820,6510,6510,251093,-0.03555555555555556
2022-11-21,6580,6580,6330,6370,166760,-0.021505376344086002
2022-11-22,6320,6390,6230,6280,126905,-0.014128728414442682
2022-11-23,6400,6570,6350,6400,148104,0.019108280254777066
2022-11-24,6480,6600,6410,6580,102706,0.028124999999999956
2022-11-25,6540,6580,6470,6480,76323,-0.015197568389057725
2022-11-28,6420,6450,6300,6360,120787,-0.01851851851851849
2022-11-29,6300,6490,6270,6470,81912,0.01729559748427678
2022-11-30,6470,6470,6360,6430,44318,-0.0061823802163832875
2022-12-01,6590,6660,6460,6460,215271,0.004665629860031162
2022-12-02,6500,6500,6340,6350,144526,-0.017027863777089758
2022-12-05,6340,6410,6300,6350,137551,0.0
2022-12-06,6250,6300,6190,6200,160671,-0.023622047244094446
2022-12-07,6120,6190,6050,6100,100849,-0.016129032258064502
2022-12-08,6080,6190,5930,6000,158735,-0.016393442622950838
2022-12-09,6060,6250,6000,6200,197970,0.03333333333333344
2022-12-12,6150,6150,6020,6070,102864,-0.020967741935483897
2022-12-13,6110,6250,6060,6210,111041,0.023064250411861664
2022-12-14,6230,6350,6210,6300,107151,0.01449275362318847
2022-12-15,6240,6370,6190,6200,59578,-0.015873015873015928
2022-12-16,6090,6200,6050,6110,97544,-0.014516129032258074
2022-12-19,6060,6180,6060,6100,43708,-0.0016366612111292644
2022-12-20,6080,6190,5940,6000,141204,-0.016393442622950838
2022-12-21,6020,6050,5920,5920,79922,-0.013333333333333308
2022-12-22,5950,6030,5950,5980,58628,0.010135135135135087
2022-12-23,5910,5910,5810,5850,136303,-0.021739130434782594
2022-12-26,5880,5920,5790,5900,52295,0.008547008547008517
2022-12-27,5910,6030,5910,6020,88975,0.02033898305084736
2022-12-28,5940,5940,5810,5810,103096,-0.03488372093023251
2022-12-29,5810,5810,5530,5640,155846,-0.029259896729776247
2023-01-02,5640,5720,5400,5500,128304,-0.024822695035460973
2023-01-03,5440,5620,5300,5540,173210,0.0072727272727273196
2023-01-04,5500,5860,5500,5800,153047,0.04693140794223827
2023-01-05,5820,5880,5710,5800,88876,0.0
2023-01-06,5790,5970,5740,5900,141093,0.01724137931034475
2023-01-09,6010,6030,5910,5930,135028,0.005084745762711895
2023-01-10,6060,6060,5920,6030,169235,0.01686340640809436
2023-01-11,6060,6140,6010,6010,142932,-0.0033167495854062867
2023-01-12,6070,6090,5950,6040,107041,0.004991680532445919
2023-01-13,6040,6070,5960,6000,93059,-0.0066225165562914245
2023-01-16,6000,6170,5980,6070,189622,0.011666666666666714
2023-01-17,6080,6110,5980,5990,97261,-0.01317957166392092
2023-01-18,6030,6030,5890,5990,76624,0.0
2023-01-19,5920,6040,5910,6030,61700,0.006677796327211993
2023-01-20,5970,6090,5960,6050,70303,0.0033167495854062867
2023-01-25,6180,6340,6140,6260,233693,0.034710743801652955
2023-01-26,6350,6360,6220,6270,158346,0.0015974440894568342
2023-01-27,6300,6310,6200,6290,111007,0.0031897926634769647
2023-01-30,6340,6350,6120,6170,155876,-0.019077901430842648
2023-01-31,6120,6300,6120,6270,138581,0.01620745542949753
2023-02-01,6320,6380,6240,6310,138371,0.006379585326953707
2023-02-02,6430,6480,6360,6400,217112,0.014263074484944571
2023-02-03,6410,6490,6390,6410,149662,0.0015624999999999112
2023-02-06,6420,6440,6290,6350,100494,-0.009360374414976613
2023-02-07,6340,6600,6340,6570,269802,0.03464566929133861
2023-02-08,6630,6630,6550,6580,181378,0.0015220700152207556
2023-02-09,6540,6560,6450,6540,128864,-0.006079027355623046
2023-02-10,6540,6600,6350,6390,188296,-0.022935779816513735
2023-02-13,6350,6390,6260,6330,106844,-0.009389671361502372
2023-02-14,6380,6640,6380,6610,301595,0.04423380726698256
2023-02-15,6670,6790,6500,6510,404471,-0.015128593040847238
2023-02-16,6550,6680,6510,6640,208735,0.019969278033794113
2023-02-17,6510,6530,6370,6480,243650,-0.02409638554216864
2023-02-20,6480,6520,6360,6490,81118,0.0015432098765431057
2023-02-21,6450,6490,6350,6370,160175,-0.018489984591679498
2023-02-22,6240,6280,6180,6190,148182,-0.028257456828885363
2023-02-23,6220,6840,6170,6600,1219369,0.06623586429725359
2023-02-24,6630,6720,6440,6490,325038,-0.01666666666666672
2023-02-27,6420,6470,6200,6220,312000,-0.04160246533127887
2023-02-28,6250,6360,6230,6330,159321,0.01768488745980701
2023-03-02,6280,6340,6230,6250,178764,-0.012638230647709303
2023-03-03,6280,6340,6210,6240,112476,-0.0016000000000000458
2023-03-06,6280,6410,6240,6410,182825,0.027243589743589647
2023-03-07,6400,6400,6290,6330,126101,-0.012480499219968744
2023-03-08,6280,6280,6170,6210,146864,-0.018957345971563955
2023-03-09,6260,6330,6130,6180,179637,-0.004830917874396157
2023-03-10,6100,6100,5900,5930,248846,-0.04045307443365698
2023-03-13,5900,5930,5780,5900,193733,-0.005059021922428353
2023-03-14,5870,5870,5610,5660,229566,-0.04067796610169494
2023-03-15,5720,5770,5600,5650,204562,-0.0017667844522968323
2023-03-16,5570,5860,5530,5700,311028,0.008849557522123908
2023-03-17,5870,6190,5830,6150,559200,0.07894736842105265
2023-03-20,6160,6240,6090,6190,241557,0.006504065040650486
2023-03-21,6230,6270,6130,6180,121866,-0.001615508885298822
2023-03-22,6260,6500,6200,6500,390955,0.05177993527508096
2023-03-23,6420,6760,6360,6590,568038,0.013846153846153841
2023-03-24,6720,7080,6630,6980,1298868,0.05918057663125942
2023-03-27,7180,7240,6930,7050,675937,0.01002865329512903
2023-03-28,7010,7450,6930,7450,888620,0.05673758865248235
2023-03-29,7520,7610,7350,7550,681326,0.01342281879194629
2023-03-30,7690,7940,7610,7660,1108245,0.014569536423840956
2023-03-31,7830,7870,7500,7660,561775,0.0
2023-04-03,7790,7790,7400,7530,425227,-0.016971279373368175
2023-04-04,7530,7590,7230,7320,530863,-0.027888446215139417
2023-04-05,7240,7450,7230,7280,272012,-0.005464480874316946
2023-04-06,7270,7290,7010,7290,371762,0.0013736263736263687
2023-04-07,7390,7570,7300,7420,420037,0.017832647462277196
2023-04-10,7460,7460,7130,7330,388321,-0.0121293800539084
2023-04-11,7440,7610,7270,7600,557503,0.03683492496589369
2023-04-12,7420,7430,7250,7300,763176,-0.03947368421052633
2023-04-13,7160,7270,7110,7180,376744,-0.016438356164383605
2023-04-14,7190,7230,6770,6900,840438,-0.03899721448467963
2023-04-17,6810,6850,6700,6790,377171,-0.01594202898550723
2023-04-18,6740,6780,6560,6670,377049,-0.0176730486008837
2023-04-19,6690,6920,6670,6910,373781,0.0359820089955023
2023-04-20,6910,6940,6750,6850,245104,-0.00868306801736618
2023-04-21,6850,6970,6770,6850,232303,0.0
2023-04-24,6900,6910,6600,6680,222961,-0.02481751824817513
2023-04-25,6690,6750,6520,6650,183191,-0.004491017964071808
2023-04-26,6550,6820,6550,6760,268029,0.016541353383458635
2023-04-27,6790,6840,6580,6810,143515,0.007396449704142105
2023-04-28,6850,6950,6750,6830,131561,0.002936857562408246
2023-05-02,6870,6910,6810,6890,145327,0.008784773060029227
2023-05-03,6820,6870,6740,6800,147495,-0.013062409288824406
2023-05-04,6750,6900,6660,6880,178824,0.0117647058823529
2023-05-08,6950,7100,6900,7080,335354,0.029069767441860517
2023-05-09,7080,7080,6810,6920,155650,-0.02259887005649719
2023-05-10,6920,6920,6800,6840,156015,-0.011560693641618491
2023-05-11,6860,6940,6760,6770,110806,-0.010233918128654929
2023-05-12,6740,6890,6680,6800,114907,0.004431314623338345
2023-05-15,6800,6800,6540,6700,136717,-0.014705882352941124
2023-05-16,6820,6870,6670,6730,101386,0.004477611940298498
2023-05-17,6720,6920,6720,6870,169079,0.02080237741456159
2023-05-18,6960,7070,6900,7070,264927,0.02911208151382816
2023-05-19,7170,7410,7130,7360,795773,0.04101838755304099
2023-05-22,7390,7410,7210,7260,326476,-0.013586956521739135
2023-05-23,7260,7280,7080,7260,219706,0.0
2023-05-24,7150,7190,7100,7150,120091,-0.015151515151515138
2023-05-25,7300,7330,7060,7100,210997,-0.006993006993006978
2023-05-26,7180,7320,7180,7200,252985,0.014084507042253502
2023-05-30,7340,7530,7300,7410,508650,0.029166666666666563
2023-05-31,7470,7480,7220,7220,284582,-0.02564102564102566
2023-06-01,7180,7310,7100,7310,149542,0.012465373961218829
2023-06-02,7380,7400,7110,7110,298487,-0.02735978112175108
2023-06-05,7130,7170,7060,7140,124255,0.00421940928270037
2023-06-07,7100,7170,7060,7100,140824,-0.0056022408963585235
2023-06-08,7100,7110,6950,7100,139929,0.0
2023-06-09,7130,7240,7040,7180,127845,0.011267605633802802
2023-06-12,7220,7240,7080,7180,94558,0.0
2023-06-13,7280,7390,7250,7280,448552,0.013927576601671321
2023-06-14,7360,7380,7060,7120,218971,-0.02197802197802201
2023-06-15,7160,7500,7150,7450,444300,0.0463483146067416
2023-06-16,7660,8090,7610,8000,2077248,0.0738255033557047
2023-06-19,8000,8010,7560,7730,706741,-0.03374999999999995
2023-06-20,7750,7840,7600,7790,316327,0.0077619663648125226
2023-06-21,7740,7850,7610,7620,298385,-0.02182284980744542
2023-06-22,7590,7730,7450,7470,262549,-0.019685039370078705
2023-06-23,7610,8970,7600,8240,11080741,0.10307898259705484
2023-06-26,8380,8380,8020,8340,1577624,0.012135922330097193
2023-06-27,8250,8290,8040,8230,791147,-0.013189448441247031
2023-06-28,8340,8490,8110,8230,1195935,0.0
2023-06-29,8280,8720,8260,8430,2210042,0.024301336573511634
2023-06-30,8430,8430,8100,8340,670362,-0.010676156583629859
2023-07-03,8500,8780,8340,8680,1153005,0.04076738609112707
2023-07-04,8720,8880,8520,8820,846667,0.016129032258064502
2023-07-05,9000,9100,8710,8770,1332584,-0.005668934240362855
2023-07-06,8590,8690,8130,8160,1050644,-0.06955530216647665
2023-07-07,8110,8290,8020,8140,499503,-0.002450980392156854
2023-07-10,8060,8120,7700,7860,756278,-0.03439803439803435
2023-07-11,7940,8170,7850,8170,448369,0.0394402035623409
2023-07-12,8080,8420,7990,8300,644729,0.01591187270501826
2023-07-13,8580,8960,8480,8630,1407380,0.03975903614457832
2023-07-14,8770,8860,8350,8400,1086797,-0.02665121668597914
2023-07-17,8400,9230,8240,8750,1942667,0.04166666666666674
2023-07-18,8780,8820,8580,8770,622213,0.0022857142857142243
2023-07-19,8890,8890,8300,8570,655569,-0.022805017103762815
2023-07-20,8490,8850,8400,8810,501474,0.028004667444574194
2023-07-21,8580,8680,8500,8510,334047,-0.034052213393870656
2023-07-24,8500,8580,8200,8410,585075,-0.011750881316098694
2023-07-25,8400,8590,8060,8150,528887,-0.030915576694411362
2023-07-26,8210,8360,7980,8180,587156,0.0036809815950920033
2023-07-27,8150,8720,8010,8670,698435,0.059902200488997526
2023-07-28,8900,8910,8600,8700,614445,0.0034602076124568004
2023-07-31,8790,8800,8520,8600,347221,-0.011494252873563204
2023-08-01,8600,8800,8100,8540,643539,-0.006976744186046546
2023-08-02,8380,8630,8150,8270,507610,-0.031615925058548044
2023-08-03,8210,8270,7920,8140,443130,-0.01571946795646917
2023-08-04,8130,8240,7930,7970,219950,-0.020884520884520863
2023-08-07,8000,8140,7900,7970,214082,0.0
2023-08-08,8150,8150,7740,7780,306833,-0.023839397741530766
2023-08-09,7720,7910,7690,7880,177215,0.01285347043701801
2023-08-10,7840,7840,7510,7750,357599,-0.016497461928933976
2023-08-11,7750,7890,7580,7600,259395,-0.01935483870967747
2023-08-14,7530,7650,7380,7590,254232,-0.001315789473684159
2023-08-16,7500,7630,7300,7320,216265,-0.035573122529644285
2023-08-17,7230,7670,7170,7470,203501,0.020491803278688492
2023-08-18,7300,7750,7290,7590,169016,0.016064257028112428
2023-08-21,7590,7680,7360,7360,164106,-0.030303030303030276
2023-08-22,7490,7630,7160,7190,258182,-0.02309782608695654
2023-08-23,7200,7410,7170,7380,120998,0.026425591098748313
2023-08-24,7510,7640,7470,7560,177889,0.024390243902439046
2023-08-25,7410,7500,7300,7500,220605,-0.007936507936507908
2023-08-28,7580,7580,7370,7400,116745,-0.013333333333333308
2023-08-29,7410,7550,7360,7400,88459,0.0
2023-08-30,7480,7600,7470,7530,215426,0.0175675675675675
2023-08-31,7710,7720,7500,7550,132210,0.0026560424966799445
2023-09-01,7590,7950,7480,7870,496673,0.042384105960264984
2023-09-04,8000,8040,7690,7760,215786,-0.013977128335451061
2023-09-05,7740,7890,7630,7680,188011,-0.010309278350515427
2023-09-06,7700,7700,7300,7350,420777,-0.04296875
2023-09-07,7260,7390,7200,7260,326119,-0.01224489795918371
2023-09-08,7230,7340,7030,7140,301444,-0.016528925619834656
2023-09-11,7160,7240,7060,7210,179648,0.009803921568627416
2023-09-12,7200,7260,7130,7130,150799,-0.01109570041608876
2023-09-13,7180,7320,6960,7000,266940,-0.018232819074333828
2023-09-14,7000,7240,7000,7200,185188,0.02857142857142847
2023-09-15,7260,7410,7160,7390,246354,0.026388888888888795
2023-09-18,7260,7280,7110,7160,261894,-0.03112313937753719
2023-09-19,7190,7220,7010,7040,211634,-0.016759776536312887
2023-09-20,6980,7080,6820,6870,255922,-0.024147727272727293
2023-09-21,6770,6790,6600,6660,291559,-0.03056768558951961
2023-09-22,6590,6770,6550,6700,200731,0.006006006006006093
2023-09-25,6640,6960,6640,6800,263626,0.014925373134328401
2023-09-26,6810,6880,6610,6690,155475,-0.016176470588235348
2023-09-27,6560,6760,6560,6740,129147,0.007473841554558991
2023-10-04,6700,6700,6470,6540,117701,-0.029673590504451064
2023-10-05,6700,6880,6560,6570,186814,0.004587155963302836
2023-10-06,6500,6820,6500,6760,121176,0.028919330289193246
2023-10-10,6860,6900,6640,6690,108591,-0.010355029585798814
2023-10-11,6770,6940,6770,6790,141313,0.014947683109117982
2023-10-12,6880,6950,6810,6950,123927,0.02356406480117812
2023-10-13,6870,7640,6860,7450,1210137,0.07194244604316546
2023-10-16,7330,7400,7100,7380,413537,-0.00939597315436247
2023-10-17,7440,8170,7250,8050,1339980,0.0907859078590787
2023-10-18,7970,8110,7790,7880,771754,-0.02111801242236022
2023-10-19,7630,7750,7490,7630,737112,-0.03172588832487311
2023-10-20,7550,8270,7310,8230,1257119,0.07863695937090442
2023-10-23,8170,8310,8020,8140,508268,-0.010935601458080146
2023-10-24,8210,8620,8170,8560,993394,0.051597051597051635
2023-10-25,8560,9030,8510,8740,1398082,0.02102803738317749
2023-10-26,8320,8790,8150,8680,892197,-0.006864988558352381
2023-10-27,8800,8910,8280,8400,773359,-0.032258064516129004
2023-10-30,8320,8660,8290,8580,446622,0.021428571428571352
2023-10-31,8690,8920,8490,8650,981255,0.008158508158508049
2023-11-01,8730,8880,8600,8780,422802,0.015028901734104094
2023-11-02,8990,9190,8880,9080,1120961,0.034168564920273425
2023-11-03,9160,9180,8900,9000,576671,-0.008810572687224627
2023-11-06,9050,9260,9000,9180,925897,0.020000000000000018
2023-11-07,9060,9250,8900,9220,581225,0.004357298474945592
2023-11-08,9330,9650,9020,9160,1311711,-0.006507592190889366
2023-11-09,9170,9180,8700,8850,548305,-0.03384279475982532
2023-11-10,8740,9320,8730,9200,645740,0.039548022598870025
2023-11-13,9250,9570,8980,9080,786111,-0.013043478260869601
2023-11-14,9080,9230,8910,9080,489677,0.0
2023-11-15,9200,9450,8850,9130,877555,0.005506607929515406
2023-11-16,9180,9840,9080,9760,1461970,0.06900328587075566
2023-11-17,9760,9930,9500,9660,894949,-0.010245901639344246
2023-11-20,9710,9870,9500,9790,563871,0.013457556935817738
2023-11-21,9890,10050,9710,9730,767148,-0.006128702757916216
2023-11-22,9730,9890,9650,9750,457313,0.0020554984583760483
2023-11-23,9850,9860,9230,9360,618076,-0.040000000000000036
2023-11-24,9370,9480,9250,9450,310543,0.009615384615384581
2023-11-27,9490,9970,9400,9900,809748,0.04761904761904767
2023-11-28,9890,9960,9670,9850,307076,-0.005050505050505083
2023-11-29,9850,9880,9680,9750,233654,-0.010152284263959421
2023-11-30,9700,9850,9530,9560,455896,-0.019487179487179485
2023-12-01,9530,10090,9400,9900,890891,0.03556485355648542
2023-12-04,9940,10050,9710,9860,424296,-0.004040404040404066
2023-12-05,9750,9890,9170,9350,616787,-0.051724137931034475
2023-12-06,9360,9440,9020,9110,732241,-0.025668449197860932
2023-12-07,8990,9150,8940,9030,231438,-0.008781558726673966
2023-12-08,9220,9410,9140,9330,339956,0.03322259136212624
2023-12-11,9400,9430,9000,9110,469995,-0.02357984994640938
2023-12-12,9280,9740,9240,9510,595347,0.04390779363336983
2023-12-13,9520,11260,9520,10760,9006651,0.13144058885383814
2023-12-14,10920,10940,10200,10250,2097006,-0.04739776951672858
2023-12-15,10300,10320,10030,10100,863747,-0.014634146341463428
2023-12-18,10180,10320,9950,10300,618387,0.01980198019801982
2023-12-19,10200,10750,10000,10640,1372341,0.03300970873786402
2023-12-20,10720,10870,10440,10700,831372,0.005639097744360999
2023-12-21,10900,11240,10620,11000,2731555,0.028037383177569986
2023-12-22,11340,11360,10720,10750,1394439,-0.022727272727272707
2023-12-26,10790,11120,10540,11090,876791,0.031627906976744224
2023-12-27,11500,11640,11080,11400,1209108,0.027953110910730494
2023-12-28,11390,11510,11030,11450,815865,0.004385964912280604
2024-01-02,11440,11710,11280,11630,642373,0.015720524017467152
2024-01-03,11350,11650,11050,11520,712237,-0.009458297506448887
2024-01-04,11400,11900,11320,11760,863117,0.02083333333333326
2024-01-05,11820,11880,11550,11580,353473,-0.015306122448979553
2024-01-08,11540,11870,11270,11300,557461,-0.024179620034542326
2024-01-09,11470,11800,11220,11340,414011,0.003539823008849474
2024-01-10,11430,11490,11150,11380,427987,0.003527336860670305
2024-01-11,11400,11440,11190,11300,476443,-0.007029876977152849
2024-01-12,11320,11480,11110,11220,399303,-0.0070796460176991705
2024-01-15,11160,11730,11150,11700,738359,0.04278074866310155
2024-01-16,11760,12650,11760,12470,2782740,0.0658119658119658
2024-01-17,12530,12690,12080,12230,971864,-0.019246190858059342
2024-01-18,12200,12940,12160,12820,1302552,0.048242027800490694
2024-01-19,13040,14750,12890,14600,7009894,0.1388455538221529
2024-01-22,15050,16400,15020,16000,5986864,0.09589041095890405
2024-01-23,15660,15800,14710,15200,2734396,-0.050000000000000044
2024-01-24,15340,16490,15120,16270,3821589,0.07039473684210518
2024-01-25,16450,17170,15920,16030,2470394,-0.014751075599262475
2024-01-26,15520,16070,15350,15780,1288122,-0.015595757953836609
2024-01-29,15670,16640,15500,16040,1363426,0.016476552598225558
2024-01-30,15960,16750,15800,16480,1107128,0.027431421446383997
2024-01-31,16200,16240,15720,15930,914181,-0.033373786407767
2024-02-01,15710,15950,14810,15290,1991383,-0.04017576898932829
2024-02-02,15350,16250,15260,15350,1163648,0.003924133420536213
2024-02-05,15470,15840,15050,15440,981527,0.005863192182410382
2024-02-06,15500,15950,15260,15590,840317,0.009715025906735786
2024-02-07,15440,15540,15150,15370,693527,-0.014111610006414366
2024-02-08,15490,17640,15490,17400,3200495,0.13207547169811318
2024-02-13,18200,19970,18090,18690,5859501,0.07413793103448274
2024-02-14,18390,19700,17560,18900,2415346,0.011235955056179803
2024-02-15,19380,19440,18360,18710,1027859,-0.010052910052910091
2024-02-16,18720,19770,17560,18200,1689652,-0.027258150721539254
2024-02-19,18210,21800,18070,21550,7745873,0.18406593406593408
2024-02-20,20750,21050,19910,20350,1987470,-0.05568445475638051
2024-02-21,19930,21400,19840,20500,1578813,0.0073710073710073765
2024-02-22,21550,22900,20950,22300,3194782,0.08780487804878057
2024-02-23,22000,22550,20500,21200,1099867,-0.04932735426008972
2024-02-26,21550,21550,20200,20750,566787,-0.021226415094339646
2024-02-27,20250,21800,19980,21350,763543,0.028915662650602414
2024-02-28,21350,21600,20400,20750,394498,-0.02810304449648715
2024-02-29,20750,21250,20400,20550,271959,-0.009638554216867434
2024-03-04,21400,22500,20900,21700,794970,0.05596107055961075
2024-03-05,21950,22200,20950,21950,450434,0.011520737327188835
2024-03-06,21450,23850,21300,23500,809620,0.07061503416856496
2024-03-07,23400,24500,23000,23950,825802,0.01914893617021285
2024-03-08,24400,24850,23200,24000,717644,0.0020876826722338038
2024-03-11,23350,24100,21850,23900,984145,-0.004166666666666652
2024-03-12,26000,28000,25200,26850,3360798,0.12343096234309625
2024-03-13,26350,29000,26200,28150,2092644,0.04841713221601496
2024-03-14,27600,29500,27200,29000,924440,0.030195381882770933
2024-03-15,28600,30850,27800,30300,1230532,0.04482758620689653
2024-03-18,30300,31700,29700,30300,924592,0.0
2024-03-19,29350,30000,27950,28700,1452224,-0.05280528052805278
2024-03-20,28800,30000,27400,28700,1228871,0.0
2024-03-21,30450,31800,29600,30600,2207515,0.0662020905923344
2024-03-22,30700,31600,30000,31300,974336,0.02287581699346397
2024-03-25,31300,32950,30400,31000,993260,-0.009584664536741228
2024-03-26,31500,33400,31300,33000,1288150,0.06451612903225801
2024-03-27,33050,36000,32800,35200,2254381,0.06666666666666665
2024-03-28,35350,36000,34200,35350,1134283,0.0042613636363635354
2024-03-29,35300,35600,33700,34600,1183764,-0.021216407355021172
2024-04-01,34450,34600,32150,33200,1541608,-0.040462427745664775
2024-04-02,33600,33950,31400,32000,1246356,-0.03614457831325302
2024-04-03,31200,33200,30750,32850,1299312,0.026562500000000044
2024-04-04,33550,36350,33000,35050,1734206,0.0669710806697108
2024-04-05,34950,37850,33050,35100,1833928,0.0014265335235377208
2024-04-08,35950,35950,33000,33250,1019489,-0.05270655270655267
2024-04-09,33500,35250,33450,33800,882259,0.016541353383458635
2024-04-11,33650,39100,33350,38700,2637442,0.1449704142011834
2024-04-12,38600,39000,37250,38600,1347342,-0.0025839793281653423
2024-04-15,37900,39100,36150,38500,1067814,-0.002590673575129543
2024-04-16,37500,38200,34300,36100,1591002,-0.06233766233766236
2024-04-17,36600,38500,35900,37200,1293054,0.030470914127423754
2024-04-18,36400,38800,35800,38750,1429664,0.04166666666666674
2024-04-19,37100,37650,32400,35400,1944619,-0.08645161290322578
2024-04-22,33600,34300,31500,34100,1729202,-0.03672316384180796
2024-04-23,34950,35100,31700,31700,1189481,-0.0703812316715543
2024-04-24,33250,34600,32550,34200,977565,0.07886435331230279
2024-04-25,33200,34100,31600,31600,705035,-0.07602339181286555
2024-04-26,32900,32950,31150,32100,594523,0.015822784810126667
2024-04-29,32350,34100,32350,33400,592825,0.04049844236760114
2024-04-30,33450,35500,32800,34750,551513,0.04041916167664672
2024-05-02,34000,34400,32400,34100,653664,-0.018705035971222972
2024-05-03,35150,35850,34150,35750,617093,0.048387096774193505
2024-05-07,37300,38900,34000,34900,1558203,-0.023776223776223793
2024-05-08,35200,35350,32100,32950,1484172,-0.055873925501432664
2024-05-09,33300,33400,32100,32950,809586,0.0
2024-05-10,33500,33500,30500,31000,1478107,-0.05918057663125953
2024-05-13,31400,32500,31250,32200,821596,0.03870967741935494
2024-05-14,32750,35400,32600,35050,2043247,0.08850931677018625
2024-05-16,36700,39100,34150,36950,2875394,0.0542082738944365
2024-05-17,36650,37500,35100,37200,826930,0.006765899864682012
2024-05-20,37250,41800,35600,41000,2142150,0.10215053763440851
2024-05-21,40800,42650,38950,39450,1446871,-0.03780487804878052
2024-05-22,39350,41650,38500,39700,1068794,0.006337135614702172
2024-05-23,41200,41800,39050,39700,1394570,0.0
2024-05-24,39400,40450,38050,38950,1047881,-0.018891687657430767
2024-05-27,38950,40900,38550,40900,1107599,0.05006418485237485
2024-05-28,40900,45200,40550,43500,1916853,0.0635696821515892
2024-05-29,43850,44850,41500,41750,849363,-0.04022988505747127
2024-05-30,41050,41750,39950,40400,579348,-0.03233532934131733
2024-05-31,40550,43700,37500,43300,2619582,0.07178217821782185
2024-06-03,42900,43950,40850,43350,1061422,0.0011547344110853786
2024-06-04,43500,45000,42350,42550,760310,-0.018454440599769306
2024-06-05,43700,44900,41600,44400,1225395,0.04347826086956519
2024-06-07,43300,47400,42550,44200,1517975,-0.0045045045045044585
2024-06-10,43750,47200,43300,46450,994892,0.05090497737556565
2024-06-11,46400,46400,43300,43750,763652,-0.05812701829924649
2024-06-12,43750,44350,41650,44050,588482,0.006857142857142895
2024-06-13,45800,45800,43150,43900,1208697,-0.0034052213393870323
2024-06-14,43800,44500,42300,43500,692561,-0.009111617312072884
2024-06-17,43500,45950,42900,45700,866448,0.05057471264367819
2024-06-18,45550,49700,45450,49700,1095432,0.08752735229759301
2024-06-19,49800,53000,48350,51600,1156454,0.03822937625754519
2024-06-20,50500,52800,50000,51900,566152,0.005813953488372103
2024-06-21,50000,51600,48950,51200,600416,-0.013487475915221592
2024-06-24,50800,53700,49800,53600,771712,0.046875
2024-06-25,51700,54000,51600,52400,419807,-0.02238805970149249
2024-06-26,53600,55400,52300,54500,817418,0.040076335877862634
2024-06-27,54000,59800,53300,59100,1324663,0.08440366972477054
2024-06-28,59500,64300,59400,63800,1544307,0.07952622673434862
2024-07-01,62900,64800,57000,57700,1553404,-0.09561128526645768
2024-07-02,57000,61000,55800,60700,1475442,0.051993067590987874
2024-07-03,63000,67900,61800,67300,1503569,0.10873146622734753
2024-07-04,68200,69500,62900,66800,1513433,-0.007429420505200568
2024-07-05,66800,68500,64500,65500,698028,-0.019461077844311392
2024-07-08,65500,69100,65400,67200,644431,0.025954198473282508
2024-07-09,68000,68700,65700,68400,642473,0.017857142857142794
2024-07-10,67700,68600,66800,67300,486889,-0.016081871345029253
2024-07-11,67800,70800,67200,68700,874088,0.02080237741456159
2024-07-12,65700,67200,62500,65700,1221820,-0.04366812227074235
2024-07-15,65800,66500,62300,63600,792422,-0.03196347031963476
2024-07-16,63000,63400,60600,61800,1013713,-0.028301886792452824
2024-07-17,62000,62000,52000,52700,3928823,-0.1472491909385113
2024-07-18,49550,53500,48500,53500,2777006,0.015180265654648917
2024-07-19,54000,55100,51600,52500,1635073,-0.01869158878504673
2024-07-22,52000,52200,49550,51500,1060645,-0.01904761904761909
2024-07-23,53000,54500,49800,50100,1347998,-0.027184466019417486
2024-07-24,49500,56600,48650,54500,2676970,0.08782435129740529
2024-07-25,50300,51100,47450,49250,2209455,-0.09633027522935778
2024-07-26,49200,52000,47500,51600,1362818,0.04771573604060908
2024-07-29,52600,54200,51200,53500,1054053,0.036821705426356655
2024-07-30,51200,53700,49250,53000,1198962,-0.009345794392523366
2024-07-31,52400,54700,50500,54500,1694115,0.028301886792452935
2024-08-01,56500,56600,51400,51400,1315870,-0.056880733944954076
2024-08-02,48000,48450,43000,43850,3087586,-0.14688715953307396
2024-08-05,41450,43700,37200,39150,2515253,-0.10718358038768527
2024-08-06,41900,43600,40000,40650,1986449,0.03831417624521083
2024-08-07,40650,44300,38850,42950,2760122,0.056580565805657956
2024-08-08,40600,41300,39450,40150,1598134,-0.06519208381839348
2024-08-09,43400,43500,40750,41500,1705688,0.033623910336239016
2024-08-12,41550,44500,41000,42800,1324561,0.031325301204819356
2024-08-13,43600,43750,41050,41950,905257,-0.01985981308411211
2024-08-14,43700,45250,42800,43050,1374551,0.026221692491060766
2024-08-16,45800,49650,45500,48900,2325148,0.13588850174216027
2024-08-19,49300,49500,47050,47500,845977,-0.02862985685071573
2024-08-20,49350,49650,45800,46800,1465308,-0.01473684210526316
2024-08-21,45700,47200,44300,46600,657649,-0.004273504273504258
2024-08-22,46850,47050,44650,45200,583805,-0.030042918454935674
2024-08-23,43450,46600,43050,45900,725696,0.015486725663716783
2024-08-26,46500,46750,42450,42750,900685,-0.06862745098039214
2024-08-27,42100,42650,40450,41900,748646,-0.019883040935672502
2024-08-28,41900,44300,41550,43950,977208,0.04892601431980914
2024-08-29,39700,40650,38650,40000,2239747,-0.08987485779294657
2024-08-30,40300,41600,39650,40950,907278,0.023749999999999938
2024-09-02,40850,40850,38600,38600,956768,-0.057387057387057405
2024-09-03,38550,38550,36500,36700,1232864,-0.04922279792746109
2024-09-04,33500,34550,33000,33400,2215337,-0.08991825613079019
2024-09-05,33700,34450,32450,33200,1099755,-0.005988023952095856
2024-09-06,32700,33000,30900,31700,1027687,-0.04518072289156627
2024-09-09,30500,33450,30000,33100,1009987,0.04416403785488954
2024-09-10,33650,34950,33300,33650,1140271,0.0166163141993958
2024-09-11,34050,35150,33400,34250,793045,0.017830609212481363
2024-09-12,37300,38150,35750,37050,2045675,0.08175182481751819
2024-09-13,36500,36800,34550,35550,797308,-0.04048582995951422
2024-09-19,34300,35000,32700,34700,841505,-0.023909985935302358
2024-09-20,36200,37450,35000,35200,1904943,0.014409221902017322
2024-09-23,35200,37150,34300,36550,891832,0.03835227272727271
2024-09-24,36950,37100,35750,37050,477743,0.013679890560875485
2024-09-25,37900,38150,35750,35900,820690,-0.031039136302294157
2024-09-26,38450,40600,38400,39350,3234258,0.09610027855153214
2024-09-27,38700,39500,35700,35850,1620299,-0.08894536213468873
2024-09-30,34950,37600,34950,37250,883021,0.03905160390516049
2024-10-02,35950,37500,35450,36500,612168,-0.020134228187919434
2024-10-04,37150,38300,37150,37700,565063,0.03287671232876721
2024-10-07,38050,40850,37200,40300,958715,0.06896551724137923
2024-10-08,39200,39800,38400,39200,399919,-0.027295285359801524
2024-10-10,39950,40650,39050,39300,368908,0.0025510204081633514
2024-10-11,39700,39800,36150,36300,629909,-0.07633587786259544
2024-10-14,36300,39400,36200,38500,500025,0.06060606060606055
2024-10-15,40150,40400,36800,37500,672920,-0.025974025974025983
2024-10-16,35750,36050,34300,35300,640338,-0.058666666666666645
2024-10-17,35750,35750,33150,34750,627872,-0.015580736543909346
2024-10-18,34950,37100,33600,35800,799455,0.030215827338129442
2024-10-21,35350,37950,35000,37650,470977,0.0516759776536313
2024-10-22,38000,38800,37300,38300,396887,0.01726427622841964
2024-10-23,38900,41650,38400,40950,1483869,0.06919060052219317
2024-10-24,40700,43000,39800,41900,1383194,0.023199023199023117
2024-10-25,42750,43500,41300,42400,1019279,0.01193317422434359
2024-10-28,42400,43150,40700,41350,673227,-0.024764150943396235
2024-10-29,41150,41700,39650,41450,761877,0.002418379685610539
2024-10-30,41050,43450,40800,41600,911392,0.003618817852834688
2024-10-31,40650,45500,40500,44600,2432594,0.07211538461538458
2024-11-01,43450,45650,43100,45250,1122452,0.014573991031390232
2024-11-04,45600,47150,43950,46800,1285999,0.034254143646408775
2024-11-05,46400,47500,43700,45050,1259319,-0.03739316239316237
2024-11-06,46000,46100,43200,43650,914190,-0.031076581576026663
2024-11-07,43500,44550,40850,44300,1104418,0.014891179839633395
2024-11-08,44450,44850,43300,44200,718934,-0.0022573363431150906
2024-11-11,43350,43350,40650,41350,1003447,-0.06447963800904977
2024-11-12,40450,40700,37650,39300,1426995,-0.049576783555018156
2024-11-13,38900,40100,36500,37050,1083756,-0.057251908396946605
2024-11-14,37250,37350,34750,35900,941720,-0.031039136302294157
2024-11-15,35600,39200,35500,38850,1045476,0.08217270194986082
2024-11-18,39400,39450,32550,34200,2038005,-0.11969111969111967
2024-11-19,33900,34550,32500,33600,1283756,-0.01754385964912286
2024-11-20,34300,36350,33350,35600,978755,0.059523809523809534
2024-11-21,35650,38650,35350,37550,1164365,0.0547752808988764
2024-11-22,38000,39300,37200,38800,1016680,0.0332889480692411
2024-11-25,38600,39800,37100,39700,824489,0.02319587628865971
2024-11-26,39800,39800,38350,38700,416253,-0.02518891687657432
2024-11-27,38100,38300,35750,36050,946180,-0.0684754521963824
2024-11-28,35500,37000,35300,36100,402278,0.001386962552011095
2024-11-29,36100,36350,34300,35100,514207,-0.027700831024930705
2024-12-02,35900,35900,33050,34200,554615,-0.02564102564102566
2024-12-03,33750,36150,33700,34800,559221,0.01754385964912286
2024-12-04,33850,36000,33700,35200,644179,0.011494252873563315
2024-12-05,35500,40750,35500,39550,2041174,0.12357954545454541
2024-12-06,39600,39600,36900,37500,1026266,-0.05183312262958284
2024-12-09,36050,37850,35750,36050,713177,-0.03866666666666663
2024-12-10,36500,36700,33700,33950,1608335,-0.058252427184465994
2024-12-11,32800,33300,28250,31400,4626428,-0.07511045655375548
2024-12-12,31800,33300,31350,32650,1979618,0.039808917197452276
2024-12-13,32950,34450,32000,34350,1040880,0.05206738131699851
2024-12-16,34600,35200,33900,34000,571917,-0.010189228529839833
2024-12-17,34500,35350,33650,34400,541124,0.0117647058823529
2024-12-18,34000,38400,33650,37800,1190950,0.09883720930232553
2024-12-19,36100,37100,35100,36500,843435,-0.03439153439153442
2024-12-20,36350,36950,34100,34250,627607,-0.06164383561643838
2024-12-23,35200,37900,34600,37200,1015077,0.08613138686131383
2024-12-24,37850,38350,36450,37400,787051,0.005376344086021501
2024-12-26,37800,37950,36400,36700,580321,-0.018716577540106916
2024-12-27,36400,40900,36150,39400,2298083,0.07356948228882842
2024-12-30,38500,39550,38150,38450,552070,-0.024111675126903598
2025-01-02,37950,38850,37350,38100,640375,-0.00910273081924573
2025-01-03,37750,42900,37750,42200,1470127,0.1076115485564304
2025-01-06,43450,45750,43150,45150,1246577,0.0699052132701421
2025-01-07,46200,48950,44450,46900,1615872,0.03875968992248069
2025-01-08,45250,48350,45100,47500,1076782,0.01279317697228155
2025-01-09,47200,49800,46600,48800,1035424,0.027368421052631486
2025-01-10,48400,51100,48300,50300,986113,0.03073770491803285
2025-01-13,49650,50200,45900,46000,968227,-0.08548707753479123
2025-01-14,46950,47450,45750,46550,601668,0.011956521739130421
2025-01-15,46450,47250,45100,45450,646630,-0.023630504833512367
2025-01-16,46900,47500,45000,45500,858488,0.0011001100110010764
2025-01-17,45800,52400,45550,48250,3428157,0.06043956043956045
2025-01-20,50600,52500,49050,49750,2039789,0.031088082901554515
2025-01-21,50100,51000,49200,49600,872659,-0.0030150753768843908
2025-01-22,50500,52300,49800,52000,1429716,0.048387096774193505
2025-01-23,51900,52500,50100,50500,898512,-0.028846153846153855
2025-01-24,50800,51600,49050,49500,805046,-0.01980198019801982
2025-01-31,44350,46400,44350,45450,1061169,-0.08181818181818179
2025-02-03,42800,43500,41100,41650,1220517,-0.08360836083608358
2025-02-04,42600,43000,40950,41000,915489,-0.015606242496998823
2025-02-05,41800,42700,40750,41000,788401,0.0
2025-02-06,42450,42600,40750,41550,903619,0.013414634146341475
2025-02-07,42050,44200,41650,43700,1165140,0.05174488567990365
2025-02-10,42350,43800,41700,43700,689461,0.0
2025-02-11,44700,44700,42300,42300,698557,-0.03203661327231122
2025-02-12,42700,45450,41950,43100,1613062,0.01891252955082745
2025-02-13,43350,43850,42600,43100,630364,0.0
2025-02-14,43600,43900,42050,42100,474712,-0.023201856148491906
2025-02-17,42350,43750,42200,42250,520413,0.0035629453681709222
2025-02-18,42300,42550,41100,41800,523885,-0.010650887573964485
2025-02-19,42450,44500,42400,43600,1367078,0.04306220095693769
2025-02-20,44700,45300,43400,43600,1002008,0.0
2025-02-21,43800,48700,43400,46200,2979206,0.059633027522935755
2025-02-24,44850,45400,43300,43650,864693,-0.05519480519480524
2025-02-25,42700,43400,42200,42650,417186,-0.02290950744558995
2025-02-26,42500,43400,41600,41900,458746,-0.017584994138335253
2025-02-27,42750,43050,39550,39850,872395,-0.04892601431980903
2025-02-28,37800,38300,37300,37800,851813,-0.05144291091593478
2025-03-04,36400,36900,35650,36200,773096,-0.042328042328042326
2025-03-05,36800,37850,36600,37050,506245,0.023480662983425438
2025-03-06,37300,37750,34200,34350,1047129,-0.07287449392712553
2025-03-07,33700,35350,33600,35050,524094,0.020378457059679667
2025-03-10,34950,35750,34150,34450,634018,-0.01711840228245365
2025-03-11,33000,33950,32250,33950,776921,-0.014513788098693747
2025-03-12,34350,35900,33700,35900,698915,0.05743740795287189
2025-03-13,36700,36800,34500,34500,729183,-0.03899721448467963
2025-03-14,34700,35950,34700,35600,538265,0.03188405797101446
2025-03-17,36150,39350,35850,38450,1571842,0.08005617977528079
2025-03-18,39300,39500,38150,39200,700522,0.01950585175552666
2025-03-19,38750,39650,38200,39150,636796,-0.0012755102040816757
2025-03-20,39900,40500,39000,39750,685492,0.015325670498084198
2025-03-21,40100,40700,38600,38650,813271,-0.02767295597484276
2025-03-24,38800,39550,38400,38800,198400,0.0038809831824062613
2025-03-25,39250,39850,36850,37200,391917,-0.04123711340206182
2025-03-26,37250,37450,35850,37200,378182,0.0
2025-03-27,36050,36700,35050,35150,364603,-0.05510752688172038
2025-03-28,35050,35050,33500,34050,266871,-0.031294452347083945
2025-03-31,32700,33100,30900,31400,869222,-0.07782672540381796
2025-04-01,32050,33600,31900,33250,316394,0.05891719745222934
2025-04-02,33650,33850,32050,32250,394873,-0.03007518796992481
2025-04-03,30500,32200,30400,31800,378415,-0.013953488372092981
2025-04-04,30850,32150,29800,30750,660515,-0.03301886792452835
2025-04-07,28800,29300,28050,28050,462294,-0.08780487804878045
2025-04-08,29600,30000,28300,28650,241128,0.021390374331550888
2025-04-09,27950,28800,26400,27350,688281,-0.04537521815008727
2025-04-10,31350,31400,29500,29950,576940,0.09506398537477145
2025-04-11,28750,30050,28600,29650,495315,-0.01001669449081799
2025-04-14,30650,30900,29650,30250,536564,0.02023608768971341
2025-04-15,30000,31400,29650,30750,548427,0.016528925619834656
2025-04-16,29300,29600,28600,28750,760539,-0.06504065040650409
2025-04-17,28300,31000,28300,30750,559521,0.06956521739130439
2025-04-18,30350,31600,29650,31550,488572,0.026016260162601723
2025-04-21,31250,32650,30950,31150,382362,-0.01267828843106178
2025-04-22,30350,30800,30100,30500,275358,-0.020866773675762396
2025-04-23,31450,34150,31250,34100,790547,0.11803278688524599
2025-04-24,34700,34750,32950,33500,638535,-0.017595307917888547
2025-04-25,34400,35600,34350,34800,575499,0.0388059701492538
2025-04-28,34450,34650,33450,33650,400581,-0.033045977011494254
2025-04-29,33750,35200,33675,34350,421017,0.02080237741456159
2025-04-30,34150,34700,33600,33900,280523,-0.013100436681222738
2025-05-02,34050,35100,33900,34400,305115,0.014749262536873253
2025-05-07,34900,35650,34200,35150,293232,0.021802325581395277
2025-05-08,35900,35900,34350,34350,384878,-0.022759601706970112
2025-05-09,34600,34600,33000,33700,324047,-0.018922852983988325
2025-05-12,34350,35250,33950,35250,446947,0.04599406528189909
2025-05-13,36750,37850,35250,37450,981598,0.06241134751773059
2025-05-14,38700,39550,38150,39250,876324,0.04806408544726293
2025-05-15,38700,39100,36650,36850,504410,-0.06114649681528661
2025-05-16,37300,37950,36750,37600,392940,0.020352781546811416
2025-05-19,36950,36950,35400,36050,422528,-0.04122340425531912
2025-05-20,36800,36900,34750,35000,355002,-0.029126213592232997
2025-05-21,35450,35700,34500,35400,294356,0.011428571428571344
2025-05-22,34550,34900,33350,33600,528029,-0.05084745762711862
2025-05-23,33800,34150,33200,33550,231310,-0.0014880952380952328
2025-05-26,32850,35650,32700,35600,511466,0.06110283159463492
2025-05-27,35350,35400,33400,34200,345763,-0.0393258426966292
2025-05-28,35000,36600,34700,35100,371934,0.026315789473684292
2025-05-29,36400,36450,34600,35700,409200,0.017094017094017033
2025-05-30,35000,35200,33200,33250,617777,-0.06862745098039214
2025-06-02,33200,34500,33100,33500,429037,0.007518796992481258
2025-06-04,34450,35600,34150,34250,513991,0.02238805970149249
2025-06-05,34650,36550,34050,35500,759469,0.03649635036496357
2025-06-09,36450,36450,34750,35200,611508,-0.008450704225352101
2025-06-10,35600,35650,33850,34050,546982,-0.032670454545454586
2025-06-11,34450,35950,34450,35500,573240,0.042584434654919345
2025-06-12,35850,36050,34900,35150,474010,-0.009859154929577452
2025-06-13,35700,35750,32600,32650,1118669,-0.07112375533428161
2025-06-16,32450,34400,32000,34150,535836,0.04594180704441042
2025-06-17,34500,35750,33350,34000,869343,-0.004392386530014614
2025-06-18,33650,34150,33150,34050,499692,0.0014705882352941124
2025-06-19,34400,34700,33300,33800,421963,-0.007342143906020504
2025-06-20,33950,34650,33650,33950,360296,0.004437869822485174
2025-06-23,33000,33150,32000,32750,511343,-0.03534609720176729
2025-06-24,33550,34600,32700,32950,1074357,0.006106870229007688
2025-06-25,34000,34150,33150,33400,492623,0.01365705614567525
2025-06-26,34400,35150,32800,33650,1265531,0.007485029940119681
2025-06-27,34200,34350,32550,32800,548108,-0.025260029717682042
2025-06-30,33300,33700,32650,33350,369474,0.0167682926829269
2025-07-01,33200,33400,32150,32300,620005,-0.03148425787106446
2025-07-02,32050,32100,31000,31450,594936,-0.02631578947368418
2025-07-03,32050,32650,31750,32400,507925,0.030206677265500748
2025-07-04,32650,32700,30850,31050,501146,-0.04166666666666663
2025-07-07,30600,30750,30050,30300,392824,-0.024154589371980673
2025-07-08,29900,30900,29800,30800,394034,0.01650165016501659
2025-07-09,31200,31350,30100,30450,521749,-0.011363636363636354
2025-07-10,31100,31150,30050,30050,457417,-0.013136288998357948
2025-07-11,30150,30800,29950,30050,589820,0.0
2025-07-14,30000,30000,29000,29000,508832,-0.03494176372712143
2025-07-15,29000,30100,28300,30000,543707,0.034482758620689724
2025-07-16,30050,30250,29500,29500,299731,-0.01666666666666672
2025-07-17,29500,29550,28500,29300,399987,-0.006779661016949157
2025-07-18,29450,29450,28600,29100,268374,-0.0068259385665528916
2025-07-21,29000,29300,28800,29000,248843,-0.0034364261168384758
2025-07-22,29000,29050,27900,28000,408095,-0.03448275862068961
2025-07-23,27850,28200,27500,28000,320617,0.0
2025-07-24,28350,28550,26950,27050,666322,-0.03392857142857142
2025-07-25,27250,27450,26500,27000,388912,-0.001848428835489857
2025-07-28,27600,28250,27000,27950,566649,0.03518518518518521
2025-07-29,28000,28100,27150,27800,273685,-0.00536672629695889
2025-07-30,27650,28550,27450,27800,500999,0.0
2025-07-31,28300,28650,27750,28000,474954,0.007194244604316502
2025-08-01,27400,27550,26550,26650,363769,-0.048214285714285765
2025-08-04,26300,27100,26050,26950,224697,0.011257035647279645
2025-08-05,27300,28800,27100,28500,503405,0.0575139146567718
2025-08-06,28000,28850,28000,28500,291196,0.0
2025-08-07,29450,29450,28600,29150,317141,0.02280701754385972
2025-08-08,29100,30200,28700,29300,501993,0.005145797598627766
2025-08-11,29350,29850,29150,29200,184258,-0.0034129692832765013
2025-08-12,29300,30400,29200,29450,450527,0.008561643835616417
2025-08-13,30000,30150,29100,29350,241007,-0.00339558573853993
2025-08-14,29150,29400,28800,29200,234652,-0.005110732538330498
2025-08-18,28550,28850,28200,28250,228869,-0.03253424657534243
2025-08-19,28450,28500,27500,27950,171542,-0.010619469026548645
2025-08-20,27300,27450,26500,27100,351098,-0.030411449016100156
2025-08-21,27300,27400,26650,26850,140207,-0.009225092250922495
2025-08-22,26850,29100,26850,28850,556366,0.07448789571694592
2025-08-25,29400,30850,28900,30700,594487,0.06412478336221827
2025-08-26,30500,31450,30450,31100,553465,0.013029315960912058
2025-08-27,30700,31100,30200,31000,282790,-0.003215434083601254
2025-08-28,30400,30900,29700,30550,382337,-0.014516129032258074
2025-08-29,30350,33050,30300,32700,1388819,0.07037643207855981
2025-09-01,32100,36550,31800,35800,2781211,0.09480122324159024
2025-09-02,36700,36750,34850,35650,750621,-0.0041899441340782495
2025-09-03,35150,36950,35100,36750,991730,0.030855539971949453
2025-09-04,37200,39150,36750,37850,1370395,0.029931972789115635
2025-09-05,38700,38700,37400,37700,512745,-0.003963011889035695
2025-09-08,37500,40750,37400,40150,1069385,0.0649867374005304
2025-09-09,40100,41100,39700,40750,532848,0.014943960149439661
2025-09-10,41300,42000,40400,40900,633715,0.0036809815950920033
2025-09-11,41450,41900,40350,41900,651093,0.02444987775061125
2025-09-12,42250,42950,41450,42050,662417,0.0035799522673030104
2025-09-15,43000,51500,41500,51200,3669701,0.21759809750297254
2025-09-16,50200,51300,48000,49450,2399320,-0.0341796875
2025-09-17,47500,50700,47050,49000,1874220,-0.009100101112234582
2025-09-18,49550,53400,48450,51700,2501925,0.055102040816326525
2025-09-19,53100,53600,51200,53200,964354,0.029013539651837617
2025-09-22,53700,57900,52800,56900,1450810,0.06954887218045114
2025-09-23,59400,60500,57600,60000,1164177,0.054481546572934914
2025-09-24,58900,60900,58000,60100,1144593,0.0016666666666667052
2025-09-25,58200,59900,57600,59000,658706,-0.01830282861896837
2025-09-26,57000,59800,56700,59500,1072111,0.008474576271186418
2025-09-29,59000,59800,57500,58900,655835,-0.010084033613445342
2025-09-30,59200,60000,57700,58800,553753,-0.001697792869269965
2025-10-01,59100,60400,58200,59500,828208,0.011904761904761862
2025-10-02,62000,64600,59800,61000,1395149,0.025210084033613356
2025-10-10,63600,63700,60700,61800,919422,0.013114754098360715
2025-10-13,58700,62600,58500,61700,696713,-0.0016181229773463146
2025-10-14,62700,62800,55000,56700,1348403,-0.08103727714748787
2025-10-15,57100,61600,56800,61500,738308,0.08465608465608465
2025-10-16,60500,63000,59800,61700,661354,0.003252032520325132
2025-10-17,60700,67300,60300,65400,1414005,0.05996758508914102
2025-10-20,67700,68800,64700,65400,762602,0.0
2025-10-21,65900,66600,62600,63400,710916,-0.030581039755351647
