Date,Open,High,Low,Close,Volume,Change
2016-08-18,3240,3240,2680,2690,21063452,
2016-08-19,2750,3495,2700,3495,26461674,0.2992565055762082
2016-08-22,3915,4245,3630,3890,69168477,0.11301859799713876
2016-08-23,3925,4165,3740,4120,29715349,0.059125964010282805
2016-08-24,4025,4220,3745,3745,16110605,-0.09101941747572817
2016-08-25,3715,3940,3520,3625,10754679,-0.03204272363150873
2016-08-26,3685,3795,3360,3360,8722128,-0.07310344827586202
2016-08-29,3365,3740,3280,3305,14109398,-0.016369047619047672
2016-08-30,3330,3430,3135,3240,5396575,-0.01966717095310133
2016-08-31,3265,3290,3065,3065,4216091,-0.054012345679012363
2016-09-01,3090,3375,3050,3155,8679664,0.029363784665579207
2016-09-02,3230,3350,3205,3300,4560930,0.045958795562599075
2016-09-05,3300,4290,3215,4290,21960869,0.30000000000000004
2016-09-06,4270,4285,3830,3860,29046213,-0.10023310023310028
2016-09-07,3885,4140,3755,3920,16067874,0.015544041450777257
2016-09-08,3940,4025,3520,3560,11503422,-0.09183673469387754
2016-09-09,3560,3630,3335,3355,5491892,-0.057584269662921295
2016-09-12,3250,3335,3200,3200,3284854,-0.046199701937406856
2016-09-13,3255,3450,3250,3290,5045353,0.028124999999999956
2016-09-19,3325,3430,3305,3335,2027522,0.013677811550151908
2016-09-20,3370,4095,3285,3610,28740752,0.08245877061469264
2016-09-21,3600,3795,3445,3520,8265698,-0.024930747922437657
2016-09-22,3595,3680,3520,3555,4611017,0.009943181818181879
2016-09-23,3725,3775,3555,3560,4951280,0.0014064697609001975
2016-09-26,3515,3625,3485,3515,2316396,-0.012640449438202195
2016-09-27,3585,3705,3540,3565,4268977,0.014224751066856278
2016-09-28,3575,3605,3510,3510,1527503,-0.015427769985974726
2016-09-29,3540,3670,3485,3565,2108931,0.015669515669515688
2016-09-30,3555,3665,3510,3600,2649911,0.009817671809256634
2016-10-04,3620,3775,3610,3690,3388959,0.02499999999999991
2016-10-05,3720,3790,3580,3605,2872668,-0.023035230352303482
2016-10-06,3605,3680,3600,3610,1752451,0.001386962552011095
2016-10-07,3640,3675,3500,3515,1501076,-0.02631578947368418
2016-10-10,3525,3690,3505,3570,1956749,0.01564722617354186
2016-10-11,3590,3590,3500,3545,1033786,-0.007002801120448154
2016-10-12,3525,3560,3495,3500,829518,-0.012693935119887145
2016-10-13,3480,3520,3405,3420,893395,-0.02285714285714291
2016-10-14,3420,3480,3350,3395,611516,-0.007309941520467822
2016-10-17,3410,3750,3390,3645,5607158,0.07363770250368185
2016-10-18,3645,3690,3580,3610,1450963,-0.009602194787380003
2016-10-19,3640,3725,3550,3550,2337563,-0.0166204986149584
2016-10-20,3560,3640,3460,3505,1599878,-0.012676056338028152
2016-10-21,3540,3680,3505,3620,2778631,0.032810271041369576
2016-10-24,3665,3725,3595,3605,2178427,-0.004143646408839796
2016-10-25,3680,3950,3630,3635,9755807,0.00832177531206657
2016-10-26,3685,3745,3420,3480,3141445,-0.04264099037138924
2016-10-27,3485,3550,3455,3455,1286244,-0.007183908045977017
2016-10-28,3415,3525,3395,3430,1268308,-0.00723589001447178
2016-10-31,3390,3490,3285,3295,1016294,-0.039358600583090375
2016-11-01,3295,3360,3165,3220,997917,-0.022761760242792084
2016-11-02,3235,3300,3150,3165,762055,-0.017080745341614856
2016-11-03,3060,3225,3060,3155,624423,-0.003159557661927326
2016-11-04,3155,3185,3030,3050,913163,-0.033280507131537296
2016-11-07,3030,3180,3030,3090,649981,0.013114754098360715
2016-11-08,3115,3220,3095,3180,978080,0.029126213592232997
2016-11-09,3195,3220,2690,2870,2071341,-0.09748427672955973
2016-11-10,2980,3090,2950,3070,1034605,0.06968641114982588
2016-11-11,3100,3470,3100,3170,4591325,0.032573289902280145
2016-11-14,3200,3250,3165,3235,1054261,0.020504731861198833
2016-11-15,3215,3375,3210,3240,1064722,0.0015455950540959051
2016-11-16,3250,3340,3215,3245,757092,0.0015432098765431057
2016-11-17,3230,3305,3200,3245,945992,0.0
2016-11-18,3280,3395,3180,3230,1171408,-0.0046224961479198745
2016-11-21,3200,3300,3125,3215,885929,-0.004643962848297267
2016-11-22,3250,3270,3180,3190,588762,-0.007776049766718529
2016-11-23,3190,3205,3050,3065,701549,-0.039184952978056464
2016-11-24,3020,3125,3020,3035,616252,-0.009787928221859699
2016-11-25,3035,3075,3020,3040,276408,0.0016474464579900872
2016-11-28,3095,3640,3080,3365,10050806,0.10690789473684204
2016-11-29,3395,3485,3200,3265,5557041,-0.029717682020802383
2016-11-30,3275,3450,3265,3360,3589731,0.029096477794793296
2016-12-01,3310,3385,3225,3235,1615938,-0.03720238095238093
2016-12-02,3215,3305,3090,3115,1267570,-0.037094281298299836
2016-12-05,3135,3175,3005,3035,906042,-0.025682182985553803
2016-12-06,3055,3150,3030,3040,683137,0.0016474464579900872
2016-12-07,3055,3080,2940,2975,901961,-0.021381578947368474
2016-12-08,3000,3110,2950,2960,798626,-0.005042016806722671
2016-12-09,2965,2980,2885,2920,819643,-0.013513513513513487
2016-12-12,2915,2960,2905,2925,558976,0.001712328767123239
2016-12-13,2955,2955,2895,2915,590542,-0.0034188034188034067
2016-12-14,2935,3050,2920,3005,1596417,0.030874785591766818
2016-12-15,3000,3045,2975,3030,730063,0.008319467554076532
2016-12-16,3045,3070,2985,3000,474972,-0.00990099009900991
2016-12-19,2995,3020,2955,2960,454134,-0.013333333333333308
2016-12-20,2980,3000,2955,2955,380923,-0.0016891891891891442
2016-12-21,2990,2990,2930,2935,541593,-0.006768189509306244
2016-12-22,2965,3000,2935,2950,416957,0.005110732538330387
2016-12-23,2970,2970,2930,2950,354330,0.0
2016-12-26,2955,2995,2945,2960,487294,0.003389830508474523
2016-12-27,2975,3070,2965,2985,904058,0.008445945945946054
2016-12-28,2960,2975,2895,2905,797909,-0.02680067001675046
2016-12-29,2895,2935,2890,2890,308541,-0.005163511187607606
2017-01-02,2875,2885,2810,2820,535811,-0.02422145328719727
2017-01-03,2790,2960,2790,2850,759112,0.010638297872340496
2017-01-04,2905,2925,2860,2860,412627,0.0035087719298245723
2017-01-05,2865,2905,2855,2870,348680,0.0034965034965035446
2017-01-06,2880,2910,2835,2860,297761,-0.0034843205574912606
2017-01-09,2880,2895,2830,2830,291991,-0.010489510489510523
2017-01-10,2830,2840,2770,2775,506685,-0.019434628975265045
2017-01-11,2785,2820,2765,2775,300438,0.0
2017-01-12,2795,2835,2760,2785,444105,0.003603603603603567
2017-01-13,2800,2900,2760,2830,1018774,0.016157989228007263
2017-01-16,2850,2940,2805,2845,754094,0.005300353356890497
2017-01-17,2945,3030,2840,2885,1083627,0.014059753954305698
2017-01-18,2870,2885,2845,2845,272906,-0.013864818024263426
2017-01-19,2880,2935,2850,2895,545083,0.017574692442882345
2017-01-20,2865,2895,2830,2845,345044,-0.01727115716753025
2017-01-23,2865,2880,2750,2750,295447,-0.033391915641476255
2017-01-24,2750,2760,2670,2680,454294,-0.025454545454545507
2017-01-25,2680,2750,2665,2670,267960,-0.003731343283582045
2017-01-26,2675,2735,2655,2675,255644,0.001872659176029856
2017-01-31,2695,2735,2675,2705,342730,0.01121495327102795
2017-02-01,2720,2765,2705,2730,377142,0.009242144177449063
2017-02-02,2725,2725,2600,2615,743950,-0.042124542124542086
2017-02-03,2620,2635,2540,2555,545938,-0.02294455066921608
2017-02-06,2590,2590,2510,2520,382700,-0.013698630136986356
2017-02-07,2505,2530,2490,2495,419725,-0.009920634920634885
2017-02-08,2520,2850,2520,2585,3733211,0.03607214428857719
2017-02-09,2590,2630,2550,2590,673538,0.0019342359767891004
2017-02-10,2630,3040,2600,2715,10500400,0.04826254826254828
2017-02-13,2730,2810,2670,2715,1498171,0.0
2017-02-14,2735,2835,2700,2715,1939934,0.0
2017-02-15,2735,2785,2710,2725,795858,0.0036832412523020164
2017-02-16,2725,2775,2700,2700,514698,-0.00917431192660545
2017-02-17,2685,2700,2645,2645,634290,-0.020370370370370372
2017-02-20,2650,2695,2630,2680,394750,0.013232514177693666
2017-02-21,2640,2690,2640,2675,257394,-0.001865671641791078
2017-02-22,2660,2720,2660,2670,426764,-0.0018691588785046953
2017-02-23,2665,2700,2650,2670,316216,0.0
2017-02-24,2660,2800,2615,2625,930612,-0.016853932584269704
2017-02-27,2620,2790,2605,2655,1548414,0.011428571428571344
2017-02-28,2665,2715,2630,2680,499862,0.009416195856873921
2017-03-02,2695,2695,2610,2610,388914,-0.026119402985074647
2017-03-03,2605,3390,2510,3390,36326240,0.29885057471264376
2017-03-06,3550,3625,3165,3260,20442378,-0.03834808259587019
2017-03-07,3355,4010,3220,3535,56387432,0.08435582822085896
2017-03-08,3580,3765,3435,3545,16279472,0.0028288543140029265
2017-03-09,3525,3585,3215,3260,10185997,-0.08039492242595203
2017-03-10,3205,3355,2915,3145,10165939,-0.03527607361963192
2017-03-13,3160,3365,3090,3200,11767174,0.01748807631160565
2017-03-14,3170,3330,3160,3200,6301590,0.0
2017-03-15,3245,3410,3030,3060,10912461,-0.043749999999999956
2017-03-16,3165,3315,3065,3120,6671165,0.019607843137254832
2017-03-17,3120,3145,2930,2960,3308687,-0.05128205128205132
2017-03-20,2990,3085,2945,2945,3056377,-0.0050675675675675436
2017-03-21,2990,3025,2915,2925,1807323,-0.006791171477079749
2017-03-22,2915,2955,2870,2880,1559368,-0.01538461538461533
2017-03-23,2890,2940,2850,2855,1627597,-0.00868055555555558
2017-03-24,2870,2930,2855,2885,1294823,0.01050788091068311
2017-03-27,2900,2965,2890,2910,1400739,0.008665511265164572
2017-03-28,2925,2955,2855,2890,1028244,-0.0068728522336769515
2017-03-29,3075,3090,2875,2875,3834646,-0.00519031141868509
2017-03-30,2890,2895,2750,2780,1471343,-0.03304347826086962
2017-03-31,2795,2830,2735,2780,1213682,0.0
2017-04-03,2775,2800,2750,2765,911444,-0.0053956834532373765
2017-04-04,2785,2820,2750,2755,1451090,-0.003616636528028905
2017-04-05,2765,2830,2750,2790,878121,0.012704174228675091
2017-04-06,2790,2875,2755,2835,1444624,0.016129032258064502
2017-04-07,2840,2865,2795,2805,703444,-0.010582010582010581
2017-04-10,2835,2995,2765,2860,3925638,0.019607843137254832
2017-04-11,2890,2950,2795,2840,1821326,-0.006993006993006978
2017-04-12,2870,2960,2850,2920,2585576,0.028169014084507005
2017-04-13,2930,2985,2875,2905,2841708,-0.005136986301369828
2017-04-14,2900,2915,2800,2800,1126848,-0.03614457831325302
2017-04-17,2810,2860,2785,2805,672148,0.0017857142857142794
2017-04-18,2830,2895,2805,2865,1160920,0.021390374331550888
2017-04-19,2865,2915,2840,2870,967556,0.0017452006980802626
2017-04-20,2905,2960,2865,2880,1605742,0.0034843205574912606
2017-04-21,2885,2925,2860,2885,613849,0.0017361111111111605
2017-04-24,2900,2930,2865,2895,902231,0.0034662045060658286
2017-04-25,2910,2950,2885,2950,1038318,0.01899827288428324
2017-04-26,3130,3525,3025,3075,36035697,0.04237288135593231
2017-04-27,3160,3210,2950,2965,7446972,-0.03577235772357723
2017-04-28,3025,3145,3000,3015,5289887,0.01686340640809436
2017-05-02,2970,3165,2965,3035,3144864,0.0066334991708125735
2017-05-04,3055,3110,3020,3035,1867605,0.0
2017-05-08,3100,3450,3045,3180,14510578,0.047775947281713416
2017-05-10,3210,3335,3095,3130,5758785,-0.01572327044025157
2017-05-11,3170,3225,3100,3135,2656731,0.0015974440894568342
2017-05-12,3180,3340,3160,3195,6612482,0.019138755980861344
2017-05-15,3140,3140,3025,3045,2622793,-0.04694835680751175
2017-05-16,3055,3075,2960,2975,1580559,-0.02298850574712641
2017-05-17,3020,3070,2985,3025,1098877,0.01680672268907557
2017-05-18,2980,3060,2970,3005,882066,-0.006611570247933907
2017-05-19,3005,3040,2980,3015,1012643,0.0033277870216306127
2017-05-22,3035,3090,3005,3030,1156052,0.004975124378109541
2017-05-23,3045,3110,3035,3045,1052745,0.004950495049504955
2017-05-24,3065,3110,3030,3100,1313707,0.01806239737274229
2017-05-25,3145,3150,3060,3065,992717,-0.011290322580645107
2017-05-26,3040,3055,3000,3005,1111701,-0.019575856443719397
2017-05-29,3005,3025,2965,2985,574532,-0.006655574043261225
2017-05-30,2985,3030,2975,3030,760315,0.015075376884422065
2017-05-31,3045,3060,3005,3010,687932,-0.0066006600660065695
2017-06-01,2985,3010,2955,2970,863526,-0.013289036544850474
2017-06-02,2970,2990,2960,2985,354310,0.005050505050504972
2017-06-05,2990,3030,2965,2980,862809,-0.0016750418760469454
2017-06-07,2990,2995,2930,2985,823542,0.001677852348993314
2017-06-08,2975,2995,2945,2950,513155,-0.011725293132328285
2017-06-09,2950,2985,2905,2945,499873,-0.0016949152542372614
2017-06-12,2945,2955,2905,2925,422315,-0.006791171477079749
2017-06-13,2920,2930,2865,2865,671864,-0.02051282051282055
2017-06-14,2875,2910,2840,2870,514299,0.0017452006980802626
2017-06-15,2865,3045,2855,2970,1540706,0.03484320557491283
2017-06-16,2970,2990,2935,2960,466963,-0.0033670033670033517
2017-06-19,2960,3025,2960,2990,794406,0.010135135135135087
2017-06-20,3010,3095,2990,3000,1959025,0.0033444816053511683
2017-06-21,2980,2980,2795,2845,2759551,-0.05166666666666664
2017-06-22,2900,2900,2815,2820,727646,-0.008787346221441172
2017-06-23,2810,2825,2760,2780,708692,-0.014184397163120588
2017-06-26,2780,2880,2780,2810,490124,0.010791366906474753
2017-06-27,2820,2870,2810,2825,427977,0.005338078291814874
2017-06-28,2870,2870,2815,2840,387684,0.005309734513274433
2017-06-29,2840,2850,2775,2780,487309,-0.021126760563380254
2017-06-30,2790,2850,2780,2840,478056,0.021582733812949728
2017-07-03,2840,2865,2810,2810,517834,-0.010563380281690127
2017-07-04,2835,3030,2815,2840,3415116,0.01067615658362997
2017-07-05,2885,2990,2855,2885,2412263,0.015845070422535246
2017-07-06,2900,2920,2850,2850,835065,-0.012131715771230511
2017-07-07,2870,2885,2795,2805,727652,-0.015789473684210575
2017-07-10,2815,2845,2760,2760,558655,-0.016042780748663055
2017-07-11,2745,2780,2745,2775,403302,0.005434782608695565
2017-07-12,2770,2790,2740,2765,345115,-0.003603603603603567
2017-07-13,2760,2790,2745,2750,374582,-0.005424954792043413
2017-07-14,2760,2770,2640,2650,614365,-0.036363636363636376
2017-07-17,2655,2675,2615,2615,415366,-0.013207547169811318
2017-07-18,2605,2655,2595,2615,334904,0.0
2017-07-19,2610,2660,2610,2645,245886,0.011472275334607929
2017-07-20,2640,2655,2625,2645,222196,0.0
2017-07-21,2645,2665,2620,2665,293204,0.007561436672967936
2017-07-24,2650,2670,2625,2630,238894,-0.013133208255159512
2017-07-25,2625,2640,2565,2605,426793,-0.009505703422053258
2017-07-26,2605,2760,2585,2605,866736,0.0
2017-07-27,2605,2635,2585,2610,313563,0.0019193857965451588
2017-07-28,2595,2615,2540,2550,513669,-0.02298850574712641
2017-07-31,2630,2745,2520,2530,538093,-0.007843137254901933
2017-08-01,2580,2580,2525,2550,263076,0.007905138339920903
2017-08-02,2560,2560,2525,2545,236398,-0.0019607843137254832
2017-08-03,2535,2545,2375,2415,585128,-0.05108055009823187
2017-08-04,2385,2420,2355,2400,364485,-0.006211180124223614
2017-08-07,2330,2615,2330,2475,1234225,0.03125
2017-08-08,2490,2530,2465,2515,359126,0.016161616161616266
2017-08-09,2500,2545,2480,2535,382081,0.007952286282306265
2017-08-10,2525,2565,2400,2540,347932,0.0019723865877712132
2017-08-11,2485,2580,2485,2540,540718,0.0
2017-08-14,2500,2675,2500,2545,553386,0.0019685039370078705
2017-08-16,2550,2570,2545,2565,227201,0.007858546168958647
2017-08-17,2575,2625,2535,2615,386291,0.01949317738791434
2017-08-18,2610,2625,2560,2595,217489,-0.007648183556405397
2017-08-21,2575,2610,2560,2595,217519,0.0
2017-08-22,2595,2615,2565,2615,273281,0.007707129094412402
2017-08-23,2615,2620,2585,2610,203444,-0.0019120458891013214
2017-08-24,2615,2625,2595,2615,176955,0.0019157088122605526
2017-08-25,2615,2645,2610,2640,211334,0.009560229445506607
2017-08-28,2640,2690,2630,2675,296807,0.01325757575757569
2017-08-29,2650,2675,2635,2645,322640,-0.01121495327102806
2017-08-30,2650,2690,2630,2670,288529,0.00945179584120992
2017-08-31,2650,2685,2630,2645,274424,-0.009363295880149836
2017-09-01,2670,2700,2610,2650,450384,0.001890359168241984
2017-09-04,2550,2635,2525,2605,201112,-0.016981132075471694
2017-09-05,2575,2610,2530,2560,300043,-0.017274472168905985
2017-09-06,2535,2605,2535,2555,277529,-0.001953125
2017-09-07,2610,2740,2500,2510,1365025,-0.017612524461839585
2017-09-08,2515,2515,2400,2405,489981,-0.041832669322709126
2017-09-11,2410,2430,2380,2395,249395,-0.004158004158004158
2017-09-12,2400,2425,2370,2400,232151,0.0020876826722338038
2017-09-13,2400,2440,2375,2390,159035,-0.004166666666666652
2017-09-14,2430,2430,2385,2415,144466,0.010460251046025215
2017-09-15,2390,2415,2370,2390,222322,-0.010351966873705987
2017-09-18,2425,2425,2350,2370,272816,-0.008368200836820106
2017-09-19,2370,2580,2285,2370,2510670,0.0
2017-09-20,2390,2415,2310,2340,564693,-0.012658227848101222
2017-09-21,2315,2360,2285,2295,321485,-0.019230769230769273
2017-09-22,2290,2325,2150,2170,473530,-0.05446623093681913
2017-09-25,2135,2195,2015,2035,517890,-0.062211981566820285
2017-09-26,2030,2070,2015,2045,376951,0.004914004914004844
2017-09-27,2055,2120,2030,2030,290955,-0.007334963325183352
2017-09-28,2030,2070,2025,2040,197447,0.0049261083743843415
2017-09-29,2050,2185,2045,2120,510080,0.03921568627450989
2017-10-10,2115,2185,2115,2140,162467,0.009433962264151052
2017-10-11,2145,2180,2120,2120,192002,-0.009345794392523366
2017-10-12,2145,2175,2130,2145,183746,0.011792452830188704
2017-10-13,2150,2170,2115,2150,113114,0.002331002331002363
2017-10-16,2150,2340,2120,2160,486391,0.0046511627906977715
2017-10-17,2160,2295,2160,2245,448284,0.03935185185185186
2017-10-18,2240,2280,2190,2225,270266,-0.008908685968819552
2017-10-19,2240,2255,2175,2190,165594,-0.01573033707865168
2017-10-20,2190,2220,2130,2140,173353,-0.022831050228310557
2017-10-23,2145,2195,2125,2165,124765,0.011682242990654235
2017-10-24,2165,2180,2130,2160,97682,-0.002309468822170868
2017-10-25,2145,2225,2145,2175,196094,0.00694444444444442
2017-10-26,2175,2235,2160,2220,357710,0.020689655172413834
2017-10-27,2250,2560,2250,2305,9251217,0.03828828828828823
2017-10-30,2340,2445,2315,2340,1937334,0.015184381778741818
2017-10-31,2380,2525,2350,2400,4274956,0.02564102564102555
2017-11-01,2420,2485,2335,2345,1100203,-0.022916666666666696
2017-11-02,2350,2380,2270,2270,595896,-0.031982942430703654
2017-11-03,2270,2320,2265,2280,420246,0.004405286343612369
2017-11-06,2300,2335,2280,2325,415494,0.019736842105263053
2017-11-07,2325,2355,2290,2305,265509,-0.008602150537634357
2017-11-08,2315,2385,2300,2335,618669,0.013015184381778733
2017-11-09,2360,2380,2315,2375,316323,0.017130620985010614
2017-11-10,2400,2545,2395,2410,3419586,0.01473684210526316
2017-11-13,2410,2495,2400,2410,538384,0.0
2017-11-14,2415,2450,2330,2335,584542,-0.03112033195020747
2017-11-15,2330,2370,2245,2270,495420,-0.027837259100642386
2017-11-16,2300,2330,2255,2330,347229,0.026431718061673992
2017-11-17,2330,2375,2320,2350,394594,0.008583690987124415
2017-11-20,2380,2395,2345,2365,432021,0.006382978723404209
2017-11-21,2350,2400,2350,2370,314937,0.0021141649048626032
2017-11-22,2380,2390,2295,2315,314885,-0.02320675105485237
2017-11-23,2305,2395,2300,2350,564688,0.015118790496760237
2017-11-24,2375,2395,2355,2365,252674,0.006382978723404209
2017-11-27,2365,2440,2345,2405,553038,0.016913319238900604
2017-11-28,2450,2455,2380,2380,450085,-0.01039501039501034
2017-11-29,2405,2600,2405,2465,4816589,0.03571428571428581
2017-11-30,2465,2505,2430,2480,657641,0.006085192697768749
2017-12-01,2480,2570,2470,2470,1263849,-0.0040322580645161255
2017-12-04,2465,2500,2450,2485,427632,0.006072874493927127
2017-12-05,2500,2500,2425,2430,461823,-0.02213279678068414
2017-12-06,2430,2530,2405,2530,628211,0.04115226337448563
2017-12-07,2530,2670,2400,2410,4817832,-0.04743083003952564
2017-12-08,2440,2460,2360,2360,746081,-0.020746887966805017
2017-12-11,2360,2450,2360,2375,432630,0.006355932203389925
2017-12-12,2375,2445,2375,2385,405641,0.004210526315789442
2017-12-13,2395,2485,2395,2450,585376,0.027253668763102645
2017-12-14,2485,2485,2415,2420,448568,-0.01224489795918371
2017-12-15,2470,2470,2365,2390,880720,-0.012396694214875992
2017-12-18,2375,2420,2325,2325,516428,-0.027196652719665315
2017-12-19,2345,2360,2210,2250,578268,-0.032258064516129004
2017-12-20,2210,2260,2205,2205,386541,-0.020000000000000018
2017-12-21,2200,2230,2100,2100,614852,-0.04761904761904767
2017-12-22,2090,2220,2090,2140,339533,0.01904761904761898
2017-12-26,2175,2270,2165,2225,548583,0.03971962616822422
2017-12-27,2180,2205,2165,2200,157497,-0.011235955056179803
2017-12-28,2230,2235,2155,2155,188222,-0.020454545454545503
2018-01-02,2175,2185,2130,2160,276746,0.002320185614849146
2018-01-03,2160,2200,2160,2200,246172,0.0185185185185186
2018-01-04,2220,2235,2185,2205,350924,0.002272727272727204
2018-01-05,2205,2230,2175,2200,264464,-0.0022675736961451642
2018-01-08,2190,2200,2140,2145,280889,-0.025000000000000022
2018-01-09,2165,2170,2075,2095,472060,-0.023310023310023298
2018-01-10,2100,2155,2090,2145,347917,0.023866348448687402
2018-01-11,2150,2165,2110,2150,280681,0.002331002331002363
2018-01-12,2140,2190,2105,2125,206345,-0.011627906976744207
2018-01-15,2130,2155,2095,2125,167217,0.0
2018-01-16,2140,2140,2035,2075,426013,-0.02352941176470591
2018-01-17,2085,2105,2055,2085,255091,0.004819277108433662
2018-01-18,2080,2110,2050,2090,318989,0.0023980815347721673
2018-01-19,2090,2125,2070,2115,259448,0.011961722488038173
2018-01-22,2115,2185,2105,2135,342058,0.009456264775413725
2018-01-23,2140,2180,2130,2165,449201,0.014051522248243575
2018-01-24,2165,2185,2150,2185,294684,0.009237875288683695
2018-01-25,2185,2210,2165,2200,271422,0.006864988558352492
2018-01-26,2200,2230,2200,2220,346824,0.009090909090909038
2018-01-29,2235,2305,2235,2270,466061,0.022522522522522515
2018-01-30,2270,2275,2235,2245,259156,-0.011013215859030812
2018-01-31,2225,2245,2170,2190,423079,-0.024498886414253906
2018-02-01,2190,2280,2190,2280,390873,0.041095890410958846
2018-02-02,2280,2295,2250,2280,218231,0.0
2018-02-05,2240,2295,2205,2270,245063,-0.004385964912280715
2018-02-06,2245,2250,2115,2235,427851,-0.01541850220264318
2018-02-07,2275,2305,2250,2250,436200,0.006711409395973256
2018-02-08,2250,2345,2240,2340,579208,0.040000000000000036
2018-02-09,2290,2360,2280,2340,379591,0.0
2018-02-12,2360,2400,2315,2340,309015,0.0
2018-02-13,2380,2390,2295,2295,226276,-0.019230769230769273
2018-02-14,2275,2300,2245,2245,222219,-0.02178649237472763
2018-02-19,2300,2310,2250,2300,160158,0.024498886414253906
2018-02-20,2380,2455,2290,2315,499131,0.006521739130434856
2018-02-21,2315,2350,2300,2340,153633,0.010799136069114423
2018-02-22,2340,2360,2295,2300,196350,-0.017094017094017144
2018-02-23,2330,2335,2285,2315,130639,0.006521739130434856
2018-02-26,2315,2330,2280,2300,138482,-0.006479481641468721
2018-02-27,2300,2315,2265,2290,107241,-0.004347826086956497
2018-02-28,2285,2290,2210,2235,199808,-0.024017467248908297
2018-03-02,2205,2235,2205,2230,118609,-0.0022371364653244186
2018-03-05,2235,2260,2205,2220,94821,-0.004484304932735439
2018-03-06,2220,2240,2195,2225,115419,0.0022522522522523403
2018-03-07,2230,2265,2205,2225,183918,0.0
2018-03-08,2210,2240,2200,2210,133169,-0.006741573033707815
2018-03-09,2215,2270,2200,2240,239421,0.013574660633484115
2018-03-12,2235,2270,2235,2265,118737,0.01116071428571419
2018-03-13,2275,2295,2240,2260,162659,-0.002207505518763808
2018-03-14,2250,2280,2245,2260,130939,0.0
2018-03-15,2255,2280,2250,2270,76512,0.004424778761061843
2018-03-16,2285,2305,2255,2280,161457,0.004405286343612369
2018-03-19,2280,2320,2240,2250,161999,-0.013157894736842146
2018-03-20,2250,2260,2175,2185,244104,-0.028888888888888853
2018-03-21,2200,2205,2155,2155,222124,-0.013729977116704761
2018-03-22,2180,2205,2020,2090,1041017,-0.030162412993039456
2018-03-23,2080,2090,1960,1960,612340,-0.062200956937799035
2018-03-26,1930,2010,1910,1950,279571,-0.005102040816326481
2018-03-27,1950,2000,1925,1940,550933,-0.00512820512820511
2018-03-28,1930,1965,1925,1945,235162,0.002577319587628857
2018-03-29,1960,1970,1935,1960,142952,0.007712082262210762
2018-03-30,1960,1990,1960,1960,160008,0.0
2018-04-02,2025,2330,1995,2080,3100470,0.061224489795918435
2018-04-03,2080,2210,2040,2135,427586,0.02644230769230771
2018-04-04,2130,2175,2035,2045,388008,-0.042154566744730726
2018-04-05,2050,2140,2040,2070,331848,0.012224938875305513
2018-04-06,2095,2100,2050,2075,230520,0.0024154589371980784
2018-04-09,2070,2090,2040,2040,174789,-0.016867469879518038
2018-04-10,2065,2065,1970,1980,275654,-0.02941176470588236
2018-04-11,1990,2040,1990,2000,194763,0.010101010101010166
2018-04-12,2045,2050,2015,2040,121946,0.020000000000000018
2018-04-13,2055,2085,2025,2040,282103,0.0
2018-04-16,2050,2065,2015,2035,176579,-0.002450980392156854
2018-04-17,2055,2085,2030,2065,273951,0.014742014742014753
2018-04-18,2055,2080,2025,2040,332508,-0.01210653753026636
2018-04-19,2060,2065,2005,2015,463476,-0.01225490196078427
2018-04-20,2025,2080,2015,2050,270381,0.017369727047146455
2018-04-23,2050,2135,2050,2085,1249110,0.017073170731707332
2018-04-24,2215,2215,2070,2100,1290812,0.007194244604316502
2018-04-25,2080,2090,2050,2050,426958,-0.023809523809523836
2018-04-26,2040,2080,2035,2050,237208,0.0
2018-04-27,2040,2060,2010,2010,288740,-0.019512195121951237
2018-04-30,2005,2045,1990,2000,515691,-0.00497512437810943
2018-05-02,1990,2020,1980,2010,189759,0.004999999999999893
2018-05-03,2005,2050,1995,2045,221881,0.017412935323383172
2018-05-04,2045,2055,2015,2020,194243,-0.012224938875305624
2018-05-08,2030,2035,1990,2000,215724,-0.00990099009900991
2018-05-09,1990,2010,1985,2000,140186,0.0
2018-05-10,2005,2005,1980,1995,171167,-0.0024999999999999467
2018-05-11,2000,2025,1995,2000,144941,0.0025062656641603454
2018-05-14,2000,2005,1960,1980,198715,-0.010000000000000009
2018-05-15,1975,1990,1970,1990,130764,0.005050505050504972
2018-05-16,1970,1985,1930,1950,255111,-0.02010050251256279
2018-05-17,1945,1970,1945,1960,89685,0.00512820512820511
2018-05-18,1960,1970,1945,1960,125064,0.0
2018-05-21,1960,1965,1950,1955,102647,-0.0025510204081632404
2018-05-23,1970,1995,1950,1955,190756,0.0
2018-05-24,1960,1960,1930,1930,138369,-0.012787723785166238
2018-05-25,1930,1940,1885,1910,190874,-0.010362694300518172
2018-05-28,1910,1920,1850,1870,323217,-0.020942408376963373
2018-05-29,1870,1900,1845,1870,234076,0.0
2018-05-30,1860,1875,1700,1750,848242,-0.06417112299465244
2018-05-31,1755,1790,1725,1750,209342,0.0
2018-06-01,1745,1925,1720,1790,862449,0.02285714285714291
2018-06-04,1770,1790,1750,1775,133615,-0.008379888268156388
2018-06-05,1760,1785,1740,1750,151355,-0.014084507042253502
2018-06-07,1755,1770,1735,1740,164109,-0.005714285714285672
2018-06-08,1750,1760,1725,1745,152567,0.002873563218390718
2018-06-11,1740,1755,1725,1725,140069,-0.011461318051575908
2018-06-12,1730,1745,1680,1690,261180,-0.020289855072463725
2018-06-14,1665,1695,1595,1600,3003105,-0.053254437869822535
2018-06-15,1635,1665,1600,1600,370061,0.0
2018-06-18,1590,1600,1490,1515,633931,-0.05312499999999998
2018-06-19,1505,1520,1405,1415,383022,-0.06600660066006603
2018-06-20,1395,1440,1395,1420,328485,0.0035335689045936647
2018-06-21,1420,1440,1400,1415,218623,-0.0035211267605633756
2018-06-22,1415,1575,1390,1460,696412,0.03180212014134276
2018-06-25,1460,1560,1445,1525,419730,0.044520547945205546
2018-06-26,1500,1535,1480,1515,154112,-0.006557377049180357
2018-06-27,1530,1540,1475,1475,156317,-0.02640264026402639
2018-06-28,1490,1530,1460,1460,165138,-0.01016949152542368
2018-06-29,1455,1510,1425,1470,201839,0.006849315068493178
2018-07-02,1485,1490,1375,1390,189447,-0.05442176870748294
2018-07-03,1380,1415,1340,1390,152669,0.0
2018-07-04,1390,1415,1365,1380,76889,-0.007194244604316502
2018-07-05,1380,1395,1265,1300,495794,-0.05797101449275366
2018-07-06,1305,1305,1180,1230,1150337,-0.05384615384615388
2018-07-09,1215,1250,1170,1180,586763,-0.04065040650406504
2018-07-10,1185,1260,1175,1220,932783,0.03389830508474567
2018-07-11,1220,1250,1205,1225,484871,0.004098360655737654
2018-07-12,1230,1250,1220,1230,295375,0.004081632653061273
2018-07-13,1245,1595,1240,1595,21579476,0.2967479674796747
2018-07-16,1585,1815,1560,1670,20610186,0.047021943573667624
2018-07-17,1660,1695,1565,1640,5173748,-0.017964071856287456
2018-07-18,1655,1795,1555,1620,11833918,-0.012195121951219523
2018-07-19,1660,1840,1605,1625,13697571,0.0030864197530864335
2018-07-20,1730,1765,1520,1535,4406746,-0.055384615384615365
2018-07-23,1470,1535,1360,1440,4443273,-0.061889250814332275
2018-07-24,1440,1475,1380,1455,2951741,0.01041666666666674
2018-07-25,1450,1470,1380,1380,4361873,-0.05154639175257736
2018-07-26,1415,1620,1405,1405,10966939,0.018115942028985588
2018-07-27,1415,1430,1365,1380,1910719,-0.017793594306049876
2018-07-30,1380,1385,1285,1300,2143290,-0.05797101449275366
2018-07-31,1310,1375,1275,1330,2534004,0.023076923076922995
2018-08-01,1335,1375,1325,1360,1486610,0.022556390977443552
2018-08-02,1375,1375,1340,1355,658401,-0.003676470588235281
2018-08-03,1350,1355,1320,1330,737113,-0.01845018450184499
2018-08-06,1335,1485,1310,1395,9485650,0.048872180451127845
2018-08-07,1420,1435,1375,1410,2301938,0.010752688172043001
2018-08-08,1420,1445,1385,1425,2051810,0.010638297872340496
2018-08-09,1440,1450,1415,1445,1611531,0.01403508771929829
2018-08-10,1445,1445,1400,1415,919228,-0.02076124567474047
2018-08-13,1390,1390,1310,1310,1381936,-0.0742049469964664
2018-08-14,1310,1345,1295,1315,752748,0.003816793893129722
2018-08-16,1300,1310,1245,1290,706204,-0.019011406844106515
2018-08-17,1295,1360,1295,1335,1031162,0.03488372093023262
2018-08-20,1340,1500,1340,1395,6467587,0.04494382022471921
2018-08-21,1395,1415,1380,1400,885221,0.0035842293906809264
2018-08-22,1400,1435,1385,1390,647214,-0.0071428571428571175
2018-08-23,1400,1455,1385,1415,1476252,0.017985611510791477
2018-08-24,1415,1445,1390,1410,778971,-0.0035335689045936647
2018-08-27,1470,1825,1435,1735,34256990,0.23049645390070927
2018-08-28,1750,1770,1645,1660,9635128,-0.043227665706051854
2018-08-29,1665,1715,1620,1665,6358985,0.003012048192771122
2018-08-30,1640,2015,1640,1835,53055765,0.10210210210210202
2018-08-31,1835,1930,1740,1755,18747172,-0.043596730245231585
2018-09-03,1775,1890,1755,1760,8213313,0.002849002849002913
2018-09-04,1780,1815,1735,1760,2866005,0.0
2018-09-05,1750,1780,1685,1710,3408537,-0.02840909090909094
2018-09-06,1710,1715,1630,1630,2922472,-0.04678362573099415
2018-09-07,1640,1675,1550,1585,6219192,-0.027607361963190136
2018-09-10,1600,1600,1515,1530,2003455,-0.034700315457413256
2018-09-11,1555,1610,1525,1570,4069962,0.02614379084967311
2018-09-12,1570,1590,1480,1505,2772847,-0.04140127388535031
2018-09-13,1525,1565,1515,1525,1419603,0.013289036544850585
2018-09-14,1535,1620,1535,1600,4655618,0.049180327868852514
2018-09-17,1580,1590,1495,1520,1210748,-0.050000000000000044
2018-09-18,1540,1550,1465,1470,4143873,-0.03289473684210531
2018-09-19,1480,1480,1420,1420,1514983,-0.03401360544217691
2018-09-20,1420,1445,1370,1400,1833494,-0.014084507042253502
2018-09-21,1405,1445,1405,1410,719609,0.0071428571428571175
2018-09-27,1415,1435,1405,1415,916921,0.0035460992907800915
2018-09-28,1415,1450,1385,1430,1627056,0.010600706713780994
2018-10-01,1450,1495,1425,1475,1667561,0.03146853146853146
2018-10-02,1470,1515,1445,1460,2061738,-0.01016949152542368
2018-10-04,1460,1475,1385,1390,1235967,-0.047945205479452024
2018-10-05,1370,1405,1310,1330,1104734,-0.043165467625899234
2018-10-08,1325,1350,1295,1295,557560,-0.02631578947368418
2018-10-10,1285,1345,1260,1260,1145189,-0.027027027027026973
2018-10-11,1200,1220,1155,1165,1472303,-0.07539682539682535
2018-10-12,1165,1235,1165,1205,1301124,0.03433476394849788
2018-10-15,1215,1295,1190,1215,930972,0.008298755186721962
2018-10-16,1215,1270,1215,1240,1157295,0.020576131687242816
2018-10-17,1265,1290,1240,1255,1057546,0.012096774193548487
2018-10-18,1265,1275,1230,1235,542663,-0.015936254980079667
2018-10-19,1235,1245,1195,1245,416875,0.00809716599190291
2018-10-22,1245,1390,1235,1300,5669095,0.04417670682730934
2018-10-23,1295,1325,1215,1215,1816683,-0.06538461538461537
2018-10-24,1220,1245,1140,1140,1213527,-0.06172839506172845
2018-10-25,1085,1115,1065,1085,1373441,-0.04824561403508776
2018-10-26,1095,1120,1020,1020,1165174,-0.05990783410138245
2018-10-29,999,1020,887,887,2361415,-0.13039215686274508
2018-10-30,820,930,820,930,1257166,0.04847801578354005
2018-10-31,928,972,928,968,590942,0.04086021505376336
2018-11-01,975,1255,975,1120,15288364,0.15702479338842967
2018-11-02,1160,1275,1150,1165,9364567,0.0401785714285714
2018-11-05,1170,1175,1115,1155,1309991,-0.008583690987124415
2018-11-06,1155,1235,1150,1165,4084532,0.008658008658008587
2018-11-07,1175,1260,1170,1215,5290722,0.0429184549356223
2018-11-08,1220,1250,1195,1245,3409556,0.024691358024691468
2018-11-09,1240,1275,1200,1200,1993110,-0.03614457831325302
2018-11-12,1205,1210,1150,1150,1268236,-0.04166666666666663
2018-11-13,1115,1145,1085,1135,1222971,-0.013043478260869601
2018-11-14,1145,1205,1135,1145,1250745,0.008810572687224738
2018-11-15,1165,1435,1165,1350,26176661,0.17903930131004375
2018-11-16,1365,1660,1340,1565,38870026,0.1592592592592592
2018-11-19,1585,1680,1520,1555,15996379,-0.006389776357827448
2018-11-20,1520,1570,1505,1560,4294473,0.003215434083601254
2018-11-21,1520,1530,1435,1465,5297971,-0.0608974358974359
2018-11-22,1460,1490,1430,1475,3292043,0.006825938566553003
2018-11-23,1475,1500,1370,1380,4056024,-0.06440677966101693
2018-11-26,1375,1410,1345,1395,2307829,0.010869565217391353
2018-11-27,1390,1445,1370,1445,10469456,0.03584229390680993
2018-11-28,1420,1435,1210,1255,12298897,-0.13148788927335642
2018-11-29,1255,1265,1165,1180,4069564,-0.05976095617529875
2018-11-30,1235,1290,1165,1185,9084172,0.004237288135593209
2018-12-03,1230,1245,1190,1210,2270687,0.021097046413502074
2018-12-04,1220,1260,1205,1210,2667124,0.0
2018-12-05,1180,1215,1160,1180,1645330,-0.024793388429752095
2018-12-06,1175,1210,1140,1140,2083443,-0.03389830508474578
2018-12-07,1140,1205,1135,1155,1412989,0.013157894736842035
2018-12-10,1140,1155,1120,1130,900590,-0.02164502164502169
2018-12-11,1135,1185,1125,1145,1616416,0.01327433628318575
2018-12-12,1155,1190,1145,1180,1467494,0.03056768558951961
2018-12-13,1190,1225,1175,1200,1797711,0.016949152542372836
2018-12-14,1205,1225,1140,1150,1224304,-0.04166666666666663
2018-12-17,1160,1185,1135,1155,1005640,0.004347826086956497
2018-12-18,1150,1185,1135,1145,1085383,-0.008658008658008698
2018-12-19,1165,1175,1140,1150,873419,0.004366812227074135
2018-12-20,1135,1165,1125,1130,952313,-0.017391304347826098
2018-12-21,1130,1155,1110,1125,833539,-0.004424778761061954
2018-12-24,1125,1155,1125,1135,967964,0.008888888888888946
2018-12-26,1105,1125,1085,1100,1006766,-0.03083700440528636
2018-12-27,1115,1140,1110,1115,852674,0.013636363636363669
2018-12-28,1120,1230,1120,1140,3550225,0.022421524663677195
2019-01-02,1155,1160,1105,1115,957360,-0.021929824561403466
2019-01-03,1120,1130,1080,1090,926706,-0.022421524663677084
2019-01-04,1075,1095,1050,1080,710626,-0.00917431192660545
2019-01-07,1100,1115,1080,1080,1077352,0.0
2019-01-08,1095,1150,1080,1110,2181282,0.02777777777777768
2019-01-09,1120,1150,1110,1140,1617935,0.027027027027026973
2019-01-10,1145,1255,1125,1125,6511236,-0.013157894736842146
2019-01-11,1140,1150,1105,1130,1891886,0.004444444444444473
2019-01-14,1160,1160,1115,1120,2413395,-0.008849557522123908
2019-01-15,1115,1155,1115,1150,1365960,0.02678571428571419
2019-01-16,1170,1190,1140,1170,2122442,0.017391304347825987
2019-01-17,1175,1180,1140,1150,1233456,-0.017094017094017144
2019-01-18,1160,1180,1135,1170,1446407,0.017391304347825987
2019-01-21,1185,1235,1175,1195,3365336,0.02136752136752129
2019-01-22,1195,1205,1160,1170,6133735,-0.02092050209205021
2019-01-23,1150,1200,1010,1030,14345262,-0.11965811965811968
2019-01-24,1040,1045,1000,1030,2855778,0.0
2019-01-25,1020,1040,1015,1030,1724744,0.0
2019-01-28,1040,1050,1025,1025,1667997,-0.004854368932038833
2019-01-29,1025,1035,992,1000,2131246,-0.024390243902439046
2019-01-30,1000,1020,994,998,1378753,-0.0020000000000000018
2019-01-31,998,1010,993,997,1036627,-0.0010020040080159776
2019-02-01,995,1005,959,966,1708699,-0.031093279839518595
2019-02-07,966,982,965,967,1009749,0.0010351966873705098
2019-02-08,965,979,965,976,508510,0.009307135470527417
2019-02-11,971,983,970,974,684959,-0.002049180327868827
2019-02-12,971,1040,971,993,2008980,0.019507186858316317
2019-02-13,998,1010,998,1005,843175,0.012084592145015005
2019-02-14,1010,1015,1000,1015,963877,0.00995024875621886
2019-02-15,1010,1015,993,996,1063032,-0.01871921182266012
2019-02-18,997,1095,997,1050,10594643,0.054216867469879526
2019-02-19,1050,1080,1040,1045,2901647,-0.004761904761904745
2019-02-20,1055,1100,1050,1080,4296220,0.03349282296650724
2019-02-21,1080,1105,1060,1075,2920447,-0.00462962962962965
2019-02-22,1080,1255,1075,1145,48192419,0.06511627906976747
2019-02-25,1175,1225,1160,1190,11545634,0.0393013100436681
2019-02-26,1205,1455,1205,1385,78029911,0.16386554621848748
2019-02-27,1405,1435,1350,1380,16275180,-0.0036101083032491488
2019-02-28,1375,1375,1220,1220,12748203,-0.1159420289855072
2019-03-04,1270,1325,1245,1270,11177989,0.040983606557376984
2019-03-05,1300,1305,1240,1270,5623201,0.0
2019-03-06,1320,1325,1260,1285,6100269,0.011811023622047223
2019-03-07,1270,1280,1175,1210,4396658,-0.05836575875486383
2019-03-08,1195,1260,1175,1200,3889991,-0.008264462809917328
2019-03-11,1210,1235,1185,1215,2604449,0.012499999999999956
2019-03-12,1220,1285,1220,1245,6089391,0.024691358024691468
2019-03-13,1245,1280,1210,1220,3192890,-0.02008032128514059
2019-03-14,1220,1225,1195,1210,2088586,-0.008196721311475419
2019-03-15,1210,1295,1210,1240,6155732,0.024793388429751984
2019-03-18,1250,1285,1240,1255,3114603,0.012096774193548487
2019-03-19,1265,1325,1245,1270,5913714,0.01195219123505975
2019-03-20,1265,1275,1210,1215,2939108,-0.04330708661417326
2019-03-21,1215,1230,1170,1170,1673779,-0.03703703703703709
2019-03-22,1170,1195,1150,1160,1205235,-0.008547008547008517
2019-03-25,1140,1185,1125,1125,1884502,-0.030172413793103425
2019-03-26,1130,1165,1130,1140,1130303,0.01333333333333342
2019-03-27,1170,1205,1155,1155,2546722,0.013157894736842035
2019-03-28,1165,1180,1115,1120,1527800,-0.030303030303030276
2019-03-29,1145,1160,1095,1135,1867413,0.013392857142857206
2019-04-01,1185,1200,1155,1170,2554064,0.03083700440528636
2019-04-02,1175,1185,1160,1180,1172421,0.008547008547008517
2019-04-03,1185,1260,1170,1245,5211476,0.05508474576271194
2019-04-04,1240,1300,1220,1275,6205587,0.024096385542168752
2019-04-05,1260,1290,1235,1275,3520645,0.0
2019-04-08,1295,1340,1255,1265,5518211,-0.007843137254901933
2019-04-09,1280,1285,1235,1250,3030145,-0.011857707509881465
2019-04-10,1270,1275,1230,1240,2620116,-0.008000000000000007
2019-04-11,1265,1275,1235,1240,3641496,0.0
2019-04-12,1250,1495,1245,1420,64164956,0.14516129032258074
2019-04-15,1430,1550,1400,1455,28736506,0.02464788732394374
2019-04-16,1470,1515,1420,1455,11834251,0.0
2019-04-17,1480,1540,1450,1450,11280781,-0.0034364261168384758
2019-04-18,1450,1470,1370,1410,4973687,-0.02758620689655178
2019-04-19,1380,1415,1305,1345,6445838,-0.046099290780141855
2019-04-22,1345,1390,1315,1385,3536449,0.029739776951672958
2019-04-23,1375,1415,1345,1350,2961013,-0.02527075812274371
2019-04-24,1360,1360,1310,1310,1533016,-0.029629629629629672
2019-04-25,1330,1355,1275,1280,2408435,-0.022900763358778664
2019-04-26,1295,1450,1230,1325,14512899,0.03515625
2019-04-29,1320,1385,1270,1340,3741857,0.01132075471698113
2019-04-30,1380,1435,1345,1365,7415157,0.018656716417910557
2019-05-02,1350,1435,1340,1415,6716243,0.03663003663003672
2019-05-03,1430,1460,1380,1455,6999503,0.028268551236749095
2019-05-07,1390,1475,1325,1420,6739493,-0.02405498281786944
2019-05-08,1390,1525,1375,1515,18765584,0.06690140845070425
2019-05-09,1500,1515,1365,1435,9514584,-0.05280528052805278
2019-05-10,1460,1495,1360,1405,9158982,-0.020905923344947785
2019-05-13,1370,1395,1250,1295,3670494,-0.07829181494661919
2019-05-14,1255,1315,1240,1265,3058162,-0.02316602316602312
2019-05-15,1280,1325,1275,1290,2026009,0.01976284584980248
2019-05-16,1290,1345,1275,1275,1741044,-0.011627906976744207
2019-05-17,1310,1320,1265,1270,1209277,-0.0039215686274509665
2019-05-20,1260,1275,1185,1185,3146757,-0.06692913385826771
2019-05-21,1160,1225,1155,1180,2119584,-0.00421940928270037
2019-05-22,1190,1225,1170,1185,1483324,0.004237288135593209
2019-05-23,1180,1185,1090,1090,2640971,-0.08016877637130804
2019-05-24,1080,1170,1060,1085,2959685,-0.004587155963302725
2019-05-27,1060,1215,1060,1125,6168836,0.03686635944700467
2019-05-28,1120,1130,1090,1105,1436341,-0.01777777777777778
2019-05-29,1105,1170,1100,1140,3115386,0.03167420814479649
2019-05-30,1130,1175,1110,1120,1320614,-0.01754385964912286
2019-05-31,1140,1200,1125,1155,2308681,0.03125
2019-06-03,1150,1165,1110,1110,1939861,-0.038961038961038974
2019-06-04,1110,1140,1090,1100,1354404,-0.009009009009009028
2019-06-05,1130,1155,1120,1130,1454083,0.027272727272727337
2019-06-07,1140,1175,1140,1145,1382806,0.01327433628318575
2019-06-10,1160,1165,1145,1150,959223,0.004366812227074135
2019-06-11,1195,1200,1165,1175,3044222,0.021739130434782705
2019-06-12,1175,1175,1135,1150,1115750,-0.021276595744680882
2019-06-13,1145,1180,1140,1155,1211074,0.004347826086956497
2019-06-14,1160,1175,1150,1155,754911,0.0
2019-06-17,1155,1160,1140,1150,780807,-0.0043290043290042934
2019-06-18,1155,1190,1150,1175,1577298,0.021739130434782705
2019-06-19,1245,1340,1205,1210,27885588,0.029787234042553123
2019-06-20,1215,1240,1190,1230,1831986,0.016528925619834656
2019-06-21,1230,1270,1225,1225,3451954,-0.004065040650406471
2019-06-24,1210,1230,1185,1185,1765359,-0.03265306122448974
2019-06-25,1195,1235,1180,1210,2160955,0.021097046413502074
2019-06-26,1200,1245,1180,1205,1701838,-0.004132231404958664
2019-06-27,1220,1245,1200,1225,2960364,0.016597510373443924
2019-06-28,1225,1245,1185,1205,1381756,-0.01632653061224487
2019-07-01,1245,1260,1200,1210,1921270,0.004149377593360981
2019-07-02,1220,1235,1200,1210,1646389,0.0
2019-07-03,1220,1220,1155,1160,1375614,-0.04132231404958675
2019-07-04,1165,1180,1110,1120,1476021,-0.03448275862068961
2019-07-05,1120,1135,1115,1125,679514,0.0044642857142858094
2019-07-08,1125,1130,1020,1060,1270516,-0.05777777777777782
2019-07-09,1050,1080,1035,1045,923518,-0.014150943396226467
2019-07-10,1035,1080,1035,1055,795058,0.009569377990430672
2019-07-11,1075,1090,1050,1060,596669,0.004739336492890933
2019-07-12,1080,1185,1065,1140,6645131,0.07547169811320753
2019-07-15,1135,1155,1110,1110,1132519,-0.02631578947368418
2019-07-16,1130,1135,1090,1095,1094181,-0.013513513513513487
2019-07-17,1145,1160,1090,1105,2605178,0.009132420091324311
2019-07-18,1105,1190,1100,1135,4201190,0.02714932126696823
2019-07-19,1150,1155,1120,1125,1459153,-0.008810572687224627
2019-07-22,1150,1165,1110,1125,1274214,0.0
2019-07-23,1125,1140,1110,1120,776061,-0.004444444444444473
2019-07-24,1120,1135,1090,1090,816699,-0.0267857142857143
2019-07-25,1085,1095,1035,1055,951283,-0.032110091743119296
2019-07-26,1035,1055,1025,1030,858307,-0.023696682464455
2019-07-29,1020,1030,967,967,1506966,-0.061165048543689315
2019-07-30,951,1010,951,997,881287,0.031023784901758056
2019-07-31,995,1015,958,1000,725687,0.0030090270812437314
2019-08-01,975,1005,972,987,734721,-0.013000000000000012
2019-08-02,981,986,945,964,793254,-0.023302938196555267
2019-08-05,951,969,840,843,1632836,-0.12551867219917012
2019-08-06,800,893,720,801,1873074,-0.04982206405693945
2019-08-07,800,875,800,850,1590193,0.06117353308364537
2019-08-08,857,1105,855,960,29743508,0.12941176470588234
2019-08-09,972,1020,953,968,4514752,0.008333333333333304
2019-08-12,961,1155,940,1090,25995268,0.12603305785123964
2019-08-13,1100,1110,1035,1040,3627069,-0.04587155963302747
2019-08-14,1135,1280,1080,1085,25839465,0.04326923076923084
2019-08-16,1085,1145,1070,1085,3715686,0.0
2019-08-19,1105,1120,1070,1075,2259366,-0.009216589861751112
2019-08-20,1075,1095,1070,1080,1247743,0.0046511627906977715
2019-08-21,1070,1090,1045,1085,1586113,0.004629629629629539
2019-08-22,1090,1130,1080,1115,2302478,0.02764976958525356
2019-08-23,1105,1200,1085,1125,8399933,0.008968609865470878
2019-08-26,1070,1095,1010,1010,3346798,-0.10222222222222221
2019-08-27,1095,1180,1065,1070,9976342,0.05940594059405946
2019-08-28,1050,1085,1050,1070,1469407,0.0
2019-08-29,1060,1085,1055,1055,2484427,-0.014018691588784993
2019-08-30,1190,1320,1130,1230,58365209,0.16587677725118488
2019-09-02,1220,1305,1195,1270,20172261,0.03252032520325199
2019-09-03,1260,1265,1190,1200,12179897,-0.055118110236220486
2019-09-04,1160,1160,1095,1110,12933074,-0.07499999999999996
2019-09-05,1120,1175,1110,1125,17741756,0.013513513513513598
2019-09-06,1145,1160,1110,1110,6588303,-0.013333333333333308
2019-09-09,1125,1125,1080,1080,3009763,-0.027027027027026973
2019-09-10,1070,1115,1070,1075,2150275,-0.00462962962962965
2019-09-11,1075,1115,1075,1110,2013072,0.032558139534883734
2019-09-16,1145,1150,1115,1120,2500803,0.009009009009008917
2019-09-17,1135,1140,1115,1125,2096449,0.0044642857142858094
2019-09-18,1125,1135,1110,1120,1630924,-0.004444444444444473
2019-09-19,1125,1300,1115,1235,13514515,0.1026785714285714
2019-09-20,1330,1350,1185,1220,31162297,-0.012145748987854255
2019-09-23,1165,1195,1145,1175,4707047,-0.03688524590163933
2019-09-24,1180,1250,1180,1245,7592625,0.05957446808510647
2019-09-25,1215,1235,1170,1170,3379685,-0.06024096385542166
2019-09-26,1210,1215,1170,1185,3338454,0.012820512820512775
2019-09-27,1215,1325,1215,1255,25326761,0.05907172995780585
2019-09-30,1225,1250,1180,1200,4036702,-0.043824701195219085
2019-10-01,1215,1255,1210,1250,5573492,0.04166666666666674
2019-10-02,1230,1270,1220,1265,3398823,0.01200000000000001
2019-10-04,1250,1305,1240,1270,5540800,0.0039525691699604515
2019-10-07,1310,1375,1255,1255,10912008,-0.011811023622047223
2019-10-08,1240,1300,1215,1300,5639160,0.03585657370517925
2019-10-10,1275,1280,1130,1135,37391661,-0.12692307692307692
2019-10-11,1170,1195,1065,1105,13698662,-0.026431718061673992
2019-10-14,1140,1200,1085,1105,7202008,0.0
2019-10-15,1115,1140,1090,1110,3073006,0.004524886877828038
2019-10-16,1110,1135,1100,1115,2538506,0.0045045045045044585
2019-10-17,1115,1115,1090,1095,1998292,-0.017937219730941756
2019-10-18,1100,1145,1095,1100,4247866,0.004566210045662045
2019-10-21,1105,1120,1050,1055,3304599,-0.040909090909090895
2019-10-22,1080,1090,1055,1070,3053329,0.014218009478673022
2019-10-23,1065,1070,1025,1030,2405675,-0.03738317757009346
2019-10-24,1030,1050,1010,1040,2054348,0.009708737864077666
2019-10-25,1050,1050,1015,1020,1335765,-0.019230769230769273
2019-10-28,1050,1085,1035,1050,3666581,0.02941176470588225
2019-10-29,1075,1075,1045,1070,1931488,0.01904761904761898
2019-10-30,1090,1090,1055,1065,1627128,-0.004672897196261627
2019-10-31,1060,1090,1050,1075,1759630,0.009389671361502261
2019-11-01,1070,1075,985,1015,16901839,-0.05581395348837215
2019-11-04,1015,1025,1000,1020,2151740,0.0049261083743843415
2019-11-05,1020,1105,1020,1070,9133466,0.0490196078431373
2019-11-06,1085,1105,1055,1080,3989436,0.009345794392523255
2019-11-07,1075,1085,1050,1060,4044535,-0.01851851851851849
2019-11-08,1270,1330,1110,1120,49346496,0.05660377358490565
2019-11-11,1125,1225,1085,1140,24028699,0.017857142857142794
2019-11-12,1160,1190,1125,1145,5948976,0.004385964912280604
2019-11-13,1145,1180,1130,1170,4238393,0.02183406113537112
2019-11-14,1165,1170,1140,1150,3067264,-0.017094017094017144
2019-11-15,1150,1190,1125,1155,7823022,0.004347826086956497
2019-11-18,1180,1185,1135,1150,5657360,-0.0043290043290042934
2019-11-19,1145,1155,1105,1110,2958727,-0.034782608695652195
2019-11-20,1100,1165,1085,1135,5736577,0.022522522522522515
2019-11-21,1130,1130,1050,1060,4083753,-0.06607929515418498
2019-11-22,1060,1080,1015,1030,2609698,-0.028301886792452824
2019-11-25,1050,1110,1045,1110,4706884,0.07766990291262132
2019-11-26,1185,1215,1115,1130,9552587,0.018018018018018056
2019-11-27,1130,1140,1105,1115,1963476,-0.013274336283185861
2019-11-28,1105,1110,1065,1065,3108176,-0.04484304932735428
2019-11-29,1115,1160,1090,1145,11073052,0.07511737089201875
2019-12-02,1125,1160,1105,1155,3934369,0.008733624454148492
2019-12-03,1125,1145,1105,1125,3232194,-0.025974025974025983
2019-12-04,1135,1135,1075,1080,3296405,-0.040000000000000036
2019-12-05,1105,1115,1055,1060,3112946,-0.01851851851851849
2019-12-06,1055,1145,1055,1135,6532294,0.070754716981132
2019-12-09,1105,1110,1085,1095,2721637,-0.03524229074889873
2019-12-10,1070,1095,1070,1085,1546489,-0.0091324200913242
2019-12-11,1100,1110,1080,1090,1742497,0.004608294930875667
2019-12-12,1090,1135,1080,1115,3936638,0.022935779816513735
2019-12-13,1240,1260,1125,1140,17550894,0.022421524663677195
2019-12-16,1150,1150,1100,1105,2720225,-0.030701754385964897
2019-12-17,1110,1115,1075,1075,2790923,-0.02714932126696834
2019-12-18,1075,1095,1070,1080,1764832,0.0046511627906977715
2019-12-19,1080,1120,1075,1110,3118952,0.02777777777777768
2019-12-20,1110,1125,1105,1125,2827086,0.013513513513513598
2019-12-23,1130,1135,1075,1085,2623727,-0.03555555555555556
2019-12-24,1085,1095,1050,1060,1812080,-0.02304147465437789
2019-12-26,1075,1085,1055,1060,1944268,0.0
2019-12-27,1070,1070,1055,1065,1157753,0.004716981132075526
2019-12-30,1070,1075,1060,1065,927705,0.0
2020-01-02,1085,1085,1065,1080,1146907,0.014084507042253502
2020-01-03,1090,1095,1075,1085,1201945,0.004629629629629539
2020-01-06,1070,1070,1040,1055,1187152,-0.027649769585253448
2020-01-07,1060,1105,1060,1090,2337064,0.033175355450236976
2020-01-08,1085,1085,1015,1015,3284504,-0.06880733944954132
2020-01-09,1050,1075,1045,1065,1742333,0.049261083743842304
2020-01-10,1070,1095,1070,1095,1703646,0.028169014084507005
2020-01-13,1105,1190,1090,1135,12478468,0.0365296803652968
2020-01-14,1180,1195,1105,1130,8456174,-0.004405286343612369
2020-01-15,1130,1150,1110,1145,3236676,0.01327433628318575
2020-01-16,1135,1140,1090,1095,4075261,-0.04366812227074235
2020-01-17,1095,1110,1085,1090,1560369,-0.004566210045662156
2020-01-20,1095,1100,1060,1065,1855769,-0.022935779816513735
2020-01-21,1065,1075,1045,1055,1683598,-0.009389671361502372
2020-01-22,1045,1065,1045,1060,1246411,0.004739336492890933
2020-01-23,1055,1060,1035,1045,1148781,-0.014150943396226467
2020-01-28,939,994,930,965,3984323,-0.07655502392344493
2020-01-29,973,990,970,974,1412130,0.00932642487046631
2020-01-30,974,983,921,928,2078730,-0.047227926078028726
2020-01-31,928,952,904,906,1415441,-0.023706896551724088
2020-02-03,855,908,837,890,2950163,-0.017660044150110354
2020-02-04,891,921,891,919,875718,0.03258426966292127
2020-02-05,929,1045,919,964,13588190,0.04896626768226331
2020-02-06,969,985,951,973,1964364,0.009336099585062207
2020-02-07,984,1035,962,974,4657984,0.0010277492291881352
2020-02-10,972,1000,961,973,1141297,-0.0010266940451745254
2020-02-11,986,1015,980,992,2550275,0.019527235354573458
2020-02-12,998,1010,991,999,1142952,0.007056451612903247
2020-02-13,1010,1010,981,989,1210902,-0.010010010010010006
2020-02-14,989,996,979,984,870630,-0.005055611729019249
2020-02-17,993,994,976,994,746636,0.010162601626016343
2020-02-18,990,994,981,992,688299,-0.002012072434607659
2020-02-19,992,992,959,975,1101790,-0.017137096774193505
2020-02-20,978,979,950,951,1267898,-0.024615384615384595
2020-02-21,951,965,940,940,1107752,-0.011566771819137789
2020-02-24,900,917,884,885,1470020,-0.058510638297872286
2020-02-25,871,909,866,905,1084880,0.02259887005649719
2020-02-26,892,906,886,898,592517,-0.007734806629834279
2020-02-27,898,904,869,871,907458,-0.030066815144766168
2020-02-28,850,865,810,824,1629924,-0.053960964408725554
2020-03-02,804,845,804,834,1024012,0.012135922330097193
2020-03-03,855,865,840,846,746442,0.014388489208633004
2020-03-04,846,869,840,867,605629,0.024822695035461084
2020-03-05,871,889,868,882,577032,0.01730103806228378
2020-03-06,870,879,855,860,501871,-0.024943310657596363
2020-03-09,860,860,796,796,1875958,-0.07441860465116279
2020-03-10,793,801,772,800,1226381,0.005025125628140614
2020-03-11,805,815,759,764,1384128,-0.04500000000000004
2020-03-12,740,758,671,673,2932722,-0.11910994764397909
2020-03-13,580,628,535,593,3385602,-0.11887072808320953
2020-03-16,602,640,581,581,1831926,-0.0202360876897133
2020-03-17,511,589,510,576,1462356,-0.008605851979345935
2020-03-18,578,597,533,533,1760583,-0.07465277777777779
2020-03-19,534,560,420,441,2220883,-0.17260787992495308
2020-03-20,426,490,426,474,2536034,0.0748299319727892
2020-03-23,450,458,420,434,2025515,-0.08438818565400841
2020-03-24,442,461,437,459,1929563,0.05760368663594462
2020-03-25,475,550,471,515,4548775,0.12200435729847503
2020-03-26,520,561,500,542,3487051,0.05242718446601935
2020-03-27,565,575,531,557,3113145,0.027675276752767486
2020-03-30,547,563,523,560,1600752,0.0053859964093356805
2020-03-31,580,608,572,596,2304480,0.06428571428571428
2020-04-01,611,637,580,595,2609162,-0.001677852348993314
2020-04-02,600,614,572,614,1422239,0.031932773109243806
2020-04-03,647,647,620,632,1399099,0.02931596091205213
2020-04-06,633,694,633,690,2329379,0.09177215189873422
2020-04-07,712,770,703,770,4094139,0.11594202898550732
2020-04-08,758,840,713,786,7493323,0.020779220779220786
2020-04-09,797,830,788,817,3596733,0.0394402035623409
2020-04-10,840,885,801,827,7121671,0.012239902080783294
2020-04-13,835,862,815,818,2687314,-0.010882708585247869
2020-04-14,819,848,815,829,1031703,0.01344743276283622
2020-04-16,833,846,825,838,1169756,0.010856453558504287
2020-04-17,838,853,830,848,2011661,0.01193317422434359
2020-04-20,851,861,844,847,1582640,-0.001179245283018826
2020-04-21,847,848,715,815,2548733,-0.037780401416765086
2020-04-22,790,814,782,814,1214557,-0.0012269938650306678
2020-04-23,829,836,820,835,1193896,0.025798525798525818
2020-04-24,824,834,805,810,1051218,-0.029940119760479056
2020-04-27,812,831,811,827,832144,0.020987654320987703
2020-04-28,828,830,811,827,971477,0.0
2020-04-29,827,842,805,815,1713509,-0.0145102781136639
2020-05-04,824,835,818,828,1139656,0.01595092024539868
2020-05-06,829,850,829,846,1164125,0.021739130434782705
2020-05-07,852,853,840,841,1163939,-0.005910165484633523
2020-05-08,850,923,847,875,8408649,0.04042806183115344
2020-05-11,870,884,855,863,1246293,-0.013714285714285679
2020-05-12,860,881,830,868,2568387,0.005793742757821629
2020-05-13,848,848,835,839,1136646,-0.033410138248847976
2020-05-14,858,871,825,829,2062803,-0.011918951132300348
2020-05-15,830,837,804,818,1122538,-0.013268998793727338
2020-05-18,819,819,802,811,925803,-0.008557457212713948
2020-05-19,820,852,815,848,2004674,0.04562268803945746
2020-05-20,848,864,840,863,1940999,0.017688679245283057
2020-05-21,859,886,858,866,2988942,0.0034762456546928444
2020-05-22,866,869,815,819,2977341,-0.05427251732101612
2020-05-25,821,827,813,819,817895,0.0
2020-05-26,819,822,812,818,1063966,-0.0012210012210012167
2020-05-27,818,824,815,821,821247,0.003667481662591676
2020-05-28,818,828,782,802,1787025,-0.023142509135200995
2020-05-29,790,802,774,782,1320508,-0.02493765586034913
2020-06-01,782,796,780,791,611634,0.011508951406649537
2020-06-02,792,812,791,811,786718,0.025284450063211228
2020-06-03,818,821,811,820,680805,0.011097410604192337
2020-06-04,821,825,804,806,766397,-0.017073170731707332
2020-06-05,806,815,753,809,551000,0.003722084367245637
2020-06-08,819,819,806,813,446036,0.0049443757725586845
2020-06-09,813,815,798,807,630982,-0.0073800738007380184
2020-06-10,809,809,794,800,634913,-0.008674101610904539
2020-06-11,795,802,779,784,960921,-0.020000000000000018
2020-06-12,762,769,745,762,916243,-0.028061224489795866
2020-06-15,762,762,686,687,1847731,-0.09842519685039375
2020-06-16,710,726,704,725,575505,0.055312954876273634
2020-06-17,725,729,702,717,582792,-0.011034482758620734
2020-06-18,717,740,704,715,520898,-0.002789400278940035
2020-06-19,723,723,703,711,319232,-0.005594405594405605
2020-06-22,712,713,703,708,431713,-0.00421940928270037
2020-06-23,708,860,689,749,9633625,0.057909604519774005
2020-06-24,739,760,732,735,1543810,-0.01869158878504673
2020-06-25,732,732,708,715,716012,-0.027210884353741527
2020-06-26,715,722,704,708,406016,-0.009790209790209836
2020-06-29,708,708,691,693,722924,-0.021186440677966156
2020-06-30,697,795,696,730,5375567,0.05339105339105332
2020-07-01,739,743,708,710,1010246,-0.0273972602739726
2020-07-02,712,730,712,724,271475,0.019718309859154903
2020-07-03,724,732,713,729,382105,0.006906077348066253
2020-07-06,721,750,721,748,902636,0.026063100137174278
2020-07-07,752,754,728,733,743610,-0.020053475935828846
2020-07-08,738,738,725,730,223393,-0.004092769440654842
2020-07-09,731,742,726,742,400213,0.016438356164383494
2020-07-10,751,751,713,716,787459,-0.035040431266846306
2020-07-13,720,725,714,724,345646,0.011173184357541999
2020-07-14,718,725,710,718,334425,-0.008287292817679592
2020-07-15,723,732,716,723,301013,0.0069637883008355494
2020-07-16,730,746,723,730,686123,0.009681881051175623
2020-07-17,724,735,722,724,315497,-0.008219178082191747
2020-07-20,730,730,713,723,386390,-0.0013812154696132284
2020-07-21,723,726,711,723,349249,0.0
2020-07-22,723,731,716,722,500449,-0.0013831258644536604
2020-07-23,723,723,700,702,909166,-0.027700831024930705
2020-07-24,702,705,694,695,508151,-0.009971509971509973
2020-07-27,696,703,695,697,244731,0.0028776978417266452
2020-07-28,699,700,686,693,420864,-0.0057388809182209455
2020-07-29,693,694,684,690,446665,-0.0043290043290042934
2020-07-30,691,694,683,685,281905,-0.007246376811594235
2020-07-31,689,689,680,684,384480,-0.0014598540145985828
2020-08-03,684,684,668,675,362403,-0.013157894736842146
2020-08-04,675,678,670,678,354660,0.004444444444444473
2020-08-05,677,693,671,683,296000,0.007374631268436627
2020-08-06,683,686,680,683,201153,0.0
2020-08-07,681,689,676,679,261002,-0.005856515373352855
2020-08-10,679,679,665,670,546734,-0.013254786450662692
2020-08-11,674,674,661,661,459651,-0.013432835820895495
2020-08-12,661,665,639,643,973063,-0.027231467473525006
2020-08-13,652,706,649,696,2779908,0.08242612752721623
2020-08-14,710,725,693,714,1376056,0.02586206896551735
2020-08-18,708,710,651,670,799695,-0.06162464985994398
2020-08-19,672,703,672,694,465666,0.035820895522387985
2020-08-20,698,702,655,672,661987,-0.03170028818443804
2020-08-21,672,692,651,670,410178,-0.0029761904761904656
2020-08-24,670,670,650,663,387985,-0.010447761194029903
2020-08-25,663,699,658,675,727317,0.018099547511312153
2020-08-26,674,681,665,675,388307,0.0
2020-08-27,676,683,657,663,438811,-0.01777777777777778
2020-08-28,663,672,651,657,608797,-0.009049773755656076
2020-08-31,666,666,655,660,401135,0.004566210045662045
2020-09-01,663,664,649,652,381305,-0.012121212121212088
2020-09-02,652,682,652,674,662563,0.033742331288343586
2020-09-03,674,700,673,682,841954,0.011869436201780381
2020-09-04,651,676,651,673,465629,-0.01319648093841641
2020-09-07,673,690,661,681,406714,0.011887072808320909
2020-09-08,681,688,671,671,370026,-0.014684287812041119
2020-09-09,665,678,657,667,475330,-0.005961251862891204
2020-09-10,667,670,657,667,415045,0.0
2020-09-11,666,704,660,677,1449629,0.014992503748125996
2020-09-14,677,695,677,695,595904,0.026587887740029625
2020-09-15,698,701,686,691,438288,-0.0057553956834532904
2020-09-16,694,700,680,696,402572,0.00723589001447178
2020-09-17,696,704,681,682,335507,-0.02011494252873558
2020-09-18,692,692,669,683,452129,0.0014662756598240456
2020-09-21,683,700,664,666,650732,-0.024890190336749662
2020-09-22,665,676,630,633,880887,-0.0495495495495496
2020-09-23,634,646,617,629,497691,-0.006319115323854652
2020-09-24,625,627,601,610,624926,-0.030206677265500748
2020-09-25,611,615,592,606,306993,-0.006557377049180357
2020-09-28,608,630,608,625,311789,0.031353135313531455
2020-09-29,625,687,624,650,940109,0.040000000000000036
2020-10-05,646,656,643,654,205651,0.006153846153846176
2020-10-06,657,657,648,654,220583,0.0
2020-10-07,655,655,641,655,113817,0.001529051987767538
2020-10-08,660,670,655,660,147380,0.007633587786259444
2020-10-12,659,671,657,670,259325,0.015151515151515138
2020-10-13,679,679,664,668,270302,-0.0029850746268657025
2020-10-14,663,672,655,657,204995,-0.01646706586826352
2020-10-15,660,660,620,635,627797,-0.0334855403348554
2020-10-16,636,638,625,633,318664,-0.0031496062992125706
2020-10-19,633,642,627,640,277552,0.011058451816745585
2020-10-20,632,640,617,626,359533,-0.021874999999999978
2020-10-21,623,719,622,647,8318320,0.033546325878594185
2020-10-22,642,644,623,636,1251847,-0.01700154559505407
2020-10-23,634,643,634,635,286790,-0.0015723270440252124
2020-10-26,641,663,623,627,879843,-0.012598425196850394
2020-10-27,625,631,615,620,326031,-0.011164274322169043
2020-10-28,619,723,615,664,17304058,0.07096774193548394
2020-10-29,651,667,636,652,2024927,-0.01807228915662651
2020-10-30,652,659,633,633,1087656,-0.02914110429447858
2020-11-02,630,646,629,639,384153,0.009478672985782088
2020-11-03,635,646,630,638,538709,-0.0015649452269170805
2020-11-04,643,657,632,635,1038910,-0.00470219435736674
2020-11-05,650,714,642,686,6845921,0.08031496062992116
2020-11-06,675,700,663,677,1630933,-0.013119533527696792
2020-11-09,684,692,674,686,763547,0.013293943870014813
2020-11-10,696,705,678,696,1161406,0.014577259475218707
2020-11-11,696,701,680,684,708176,-0.017241379310344862
2020-11-12,686,724,678,723,3442894,0.05701754385964919
2020-11-13,728,746,707,712,2357719,-0.015214384508990264
2020-11-16,698,716,698,703,658638,-0.012640449438202195
2020-11-17,708,716,699,702,420645,-0.0014224751066855834
2020-11-18,702,704,670,701,552433,-0.0014245014245014564
2020-11-19,703,704,678,688,866002,-0.01854493580599148
2020-11-20,693,713,693,705,907995,0.024709302325581328
2020-11-23,706,723,706,718,944582,0.018439716312056653
2020-11-24,724,770,714,759,3750343,0.057103064066852394
2020-11-25,761,770,722,742,2201098,-0.022397891963109373
2020-11-26,741,749,708,710,1634759,-0.04312668463611857
2020-11-27,710,711,694,698,1144223,-0.016901408450704203
2020-11-30,705,710,686,696,470018,-0.002865329512893977
2020-12-01,690,701,683,697,879563,0.001436781609195359
2020-12-02,701,703,685,689,421526,-0.011477761836441891
2020-12-03,689,697,682,693,547278,0.005805515239477588
2020-12-04,688,706,685,695,708385,0.0028860028860029363
2020-12-07,704,704,678,682,574728,-0.018705035971222972
2020-12-08,682,689,675,679,522616,-0.004398826979472137
2020-12-09,679,683,670,679,437280,0.0
2020-12-10,686,686,668,673,641129,-0.008836524300441795
2020-12-11,673,681,673,681,264213,0.011887072808320909
2020-12-14,678,685,672,672,330097,-0.013215859030836996
2020-12-15,679,679,663,668,414366,-0.005952380952380931
2020-12-16,673,673,661,668,272842,0.0
2020-12-17,669,669,654,656,626709,-0.017964071856287456
2020-12-18,662,662,650,651,397054,-0.007621951219512146
2020-12-21,657,657,646,652,252682,0.001536098310291889
2020-12-22,656,656,637,644,498876,-0.012269938650306789
2020-12-23,647,647,618,627,1100329,-0.026397515527950333
2020-12-24,626,629,619,628,476805,0.0015948963317384823
2020-12-28,624,629,614,616,758406,-0.019108280254777066
2020-12-29,617,625,615,620,254141,0.006493506493506551
2020-12-30,623,630,620,627,302453,0.011290322580645107
2021-01-04,641,641,620,623,302453,-0.006379585326953707
2021-01-05,625,625,615,622,431562,-0.0016051364365970988
2021-01-06,621,625,615,617,666042,-0.008038585209003246
2021-01-07,616,623,614,619,628962,0.0032414910858995505
2021-01-08,628,628,614,624,744542,0.008077544426494443
2021-01-11,622,622,597,604,971242,-0.03205128205128205
2021-01-12,606,621,594,603,647411,-0.0016556291390728006
2021-01-13,605,614,597,613,370265,0.016583747927031434
2021-01-14,613,615,608,611,367413,-0.0032626427406199365
2021-01-15,614,619,609,612,504528,0.0016366612111293755
2021-01-18,611,613,602,607,506599,-0.008169934640522847
2021-01-19,607,615,605,615,496552,0.01317957166392092
2021-01-20,615,626,609,624,658254,0.014634146341463428
2021-01-21,629,630,620,624,271394,0.0
2021-01-22,627,640,616,629,1417583,0.008012820512820484
2021-01-25,630,630,620,627,441843,-0.0031796502384737746
2021-01-26,624,628,610,618,656528,-0.014354066985645897
2021-01-27,622,645,618,632,2038334,0.02265372168284796
2021-01-28,625,625,602,608,1372900,-0.03797468354430378
2021-01-29,609,611,595,602,778940,-0.009868421052631526
2021-02-01,601,603,592,602,281940,0.0
2021-02-02,604,613,602,608,385112,0.009966777408637828
2021-02-03,608,609,601,608,283593,0.0
2021-02-04,610,610,600,607,205187,-0.00164473684210531
2021-02-05,609,609,602,607,194295,0.0
2021-02-08,607,607,601,602,248747,-0.008237232289950547
2021-02-09,601,604,599,603,251606,0.0016611295681063787
2021-02-10,603,604,599,601,274320,-0.0033167495854062867
2021-02-15,602,606,594,604,386516,0.004991680532445919
2021-02-16,604,628,600,611,1055879,0.011589403973509826
2021-02-17,613,613,602,613,466652,0.003273322422258529
2021-02-18,614,638,613,623,2982093,0.01631321370309946
2021-02-19,624,632,605,608,848253,-0.024077046548956704
2021-02-22,608,621,607,615,636752,0.011513157894736947
2021-02-23,612,656,605,634,4023893,0.030894308943089532
2021-02-24,634,646,619,623,2374701,-0.017350157728706628
2021-02-25,625,630,619,623,734897,0.0
2021-02-26,622,624,605,610,628789,-0.020866773675762396
2021-03-02,611,633,611,624,760826,0.022950819672131084
2021-03-03,626,628,618,624,451741,0.0
2021-03-04,624,646,621,626,1395886,0.0032051282051281937
2021-03-05,626,635,619,629,487190,0.004792332268370503
2021-03-08,631,640,625,629,720186,0.0
2021-03-09,629,630,611,618,510003,-0.01748807631160576
2021-03-10,616,621,606,609,568291,-0.014563106796116498
2021-03-11,610,614,606,610,390633,0.0016420361247948545
2021-03-12,612,619,609,617,361569,0.011475409836065653
2021-03-15,618,620,613,617,352612,0.0
2021-03-16,618,627,618,624,587804,0.011345218800648205
2021-03-17,628,631,621,631,641125,0.011217948717948678
2021-03-18,632,635,627,631,486301,0.0
2021-03-19,628,629,622,627,350284,-0.006339144215530945
2021-03-22,623,627,613,617,477337,-0.01594896331738438
2021-03-23,617,620,600,605,701109,-0.01944894651539708
2021-03-24,604,605,593,603,912467,-0.0033057851239669533
2021-03-25,601,603,591,601,384774,-0.0033167495854062867
2021-03-26,603,603,596,603,366902,0.0033277870216306127
2021-03-29,604,604,588,594,549136,-0.014925373134328401
2021-03-30,594,598,590,596,182064,0.0033670033670034627
2021-03-31,597,601,592,596,334524,0.0
2021-04-01,598,599,590,596,764493,0.0
2021-04-02,598,598,585,593,578151,-0.005033557046979831
2021-04-05,593,593,560,574,913450,-0.03204047217537942
2021-04-06,579,580,569,569,462506,-0.008710801393728262
2021-04-07,569,576,568,575,546222,0.010544815465729274
2021-04-08,582,582,571,580,312464,0.008695652173912993
2021-04-09,580,583,575,580,362575,0.0
2021-04-12,581,582,577,582,266028,0.0034482758620688614
2021-04-13,582,589,580,586,495882,0.0068728522336769515
2021-04-14,586,592,581,588,467429,0.0034129692832765013
2021-04-15,588,592,584,587,234933,-0.00170068027210879
2021-04-16,587,637,584,612,8324988,0.042589437819420706
2021-04-19,606,610,590,598,1667334,-0.022875816993464082
2021-04-20,629,634,612,620,3034951,0.03678929765886285
2021-04-21,614,627,610,614,1305778,-0.009677419354838679
2021-04-22,615,629,611,613,1374449,-0.0016286644951140072
2021-04-23,612,620,610,613,530700,0.0
2021-04-26,614,622,611,617,539978,0.006525285481239873
2021-04-27,618,621,610,614,592128,-0.004862236628849326
2021-04-28,616,621,611,611,964062,-0.004885993485342022
2021-04-29,611,616,603,610,627736,-0.0016366612111292644
2021-04-30,610,610,598,600,542200,-0.016393442622950838
2021-05-03,600,605,592,594,408789,-0.010000000000000009
2021-05-04,594,599,583,599,577442,0.008417508417508435
2021-05-06,602,604,597,604,395466,0.008347245409014992
2021-05-07,604,609,602,605,272316,0.0016556291390728006
2021-05-10,607,608,600,605,277265,0.0
2021-05-11,602,608,596,602,253044,-0.0049586776859503745
2021-05-12,603,603,592,594,304459,-0.013289036544850474
2021-05-13,590,591,583,586,207200,-0.013468013468013518
2021-05-14,586,589,581,585,260723,-0.0017064846416382506
2021-05-17,588,588,575,579,458808,-0.01025641025641022
2021-05-18,579,581,578,581,115111,0.003454231433505983
2021-05-20,581,599,575,581,381902,0.0
2021-05-21,582,584,575,576,290988,-0.008605851979345935
2021-05-24,576,578,566,569,445799,-0.01215277777777779
2021-05-25,570,573,564,571,180410,0.0035149384885764245
2021-05-26,571,577,565,577,494986,0.01050788091068311
2021-05-27,577,582,574,578,205442,0.0017331022530329143
2021-05-28,578,588,578,583,501362,0.00865051903114189
2021-05-31,583,591,581,589,1441084,0.010291595197255532
2021-06-01,654,765,646,714,70964949,0.21222410865874353
2021-06-02,689,694,647,655,11330199,-0.08263305322128855
2021-06-03,655,673,638,652,7927054,-0.004580152671755711
2021-06-04,649,661,640,653,3442136,0.0015337423312884457
2021-06-07,652,655,644,654,2378939,0.0015313935681469104
2021-06-08,654,655,626,626,2053416,-0.042813455657492394
2021-06-09,625,635,619,627,837611,0.0015974440894568342
2021-06-10,627,640,625,630,1008754,0.004784688995215225
2021-06-11,630,631,610,621,887153,-0.014285714285714235
2021-06-14,626,636,623,629,883493,0.012882447665056418
2021-06-15,629,641,625,638,932178,0.014308426073131875
2021-06-16,638,649,630,645,2424617,0.01097178683385569
2021-06-17,653,676,646,652,5486421,0.010852713178294504
2021-06-18,652,653,640,646,1678895,-0.009202453987730008
2021-06-21,640,646,632,636,756337,-0.015479876160990669
2021-06-22,636,651,636,644,974413,0.012578616352201255
2021-06-23,644,644,632,633,800691,-0.017080745341614856
2021-06-24,628,637,621,633,981645,0.0
2021-06-25,631,637,629,630,432651,-0.004739336492891044
2021-06-28,630,636,622,628,724176,-0.0031746031746031633
2021-06-29,626,641,621,637,792264,0.014331210191082855
2021-06-30,637,679,635,650,2474621,0.020408163265306145
2021-07-01,649,649,639,647,762522,-0.004615384615384577
2021-07-02,647,650,641,649,727978,0.0030911901081915882
2021-07-05,649,656,645,653,793848,0.006163328197226425
2021-07-06,651,658,650,656,705439,0.004594180704440953
2021-07-07,654,654,647,648,621430,-0.012195121951219523
2021-07-08,647,648,630,635,996541,-0.020061728395061706
2021-07-09,628,630,616,622,799146,-0.020472440944881876
2021-07-12,621,633,620,630,370379,0.012861736334405238
2021-07-13,630,639,621,634,409935,0.006349206349206327
2021-07-14,631,638,629,635,275935,0.001577287066246047
2021-07-15,635,639,633,637,300997,0.0031496062992126816
2021-07-16,639,639,630,636,364959,-0.0015698587127158659
2021-07-19,635,635,626,626,411755,-0.01572327044025157
2021-07-20,620,627,612,613,843685,-0.02076677316293929
2021-07-21,615,621,612,613,320526,0.0
2021-07-22,617,619,602,607,503878,-0.009787928221859699
2021-07-23,608,611,602,605,566297,-0.0032948929159802853
2021-07-26,605,607,601,603,267842,-0.0033057851239669533
2021-07-27,602,606,599,603,444997,0.0
2021-07-28,603,604,591,599,492438,-0.0066334991708125735
2021-07-29,597,601,591,598,253436,-0.0016694490818029983
2021-07-30,600,600,585,592,736741,-0.010033444816053505
2021-08-02,590,603,588,598,518455,0.010135135135135087
2021-08-03,600,600,592,597,304098,-0.0016722408026755842
2021-08-04,596,605,593,605,260449,0.01340033500837512
2021-08-05,605,613,603,609,336613,0.006611570247933907
2021-08-06,612,612,603,610,129554,0.0016420361247948545
2021-08-09,612,612,603,608,129023,-0.003278688524590123
2021-08-10,609,609,592,601,460742,-0.011513157894736836
2021-08-11,601,601,590,591,223733,-0.016638935108153063
2021-08-12,595,600,585,589,411766,-0.0033840947546531774
2021-08-13,589,590,565,573,1021993,-0.02716468590831922
2021-08-17,570,575,547,548,879894,-0.04363001745200701
2021-08-18,545,554,527,550,670512,0.0036496350364962904
2021-08-19,550,555,525,534,367331,-0.029090909090909056
2021-08-20,531,542,504,520,665471,-0.02621722846441943
2021-08-23,521,552,508,544,546876,0.04615384615384621
2021-08-24,550,558,548,550,257860,0.011029411764705843
2021-08-25,553,557,545,552,134694,0.0036363636363636598
2021-08-26,550,568,546,553,374775,0.0018115942028984477
2021-08-27,556,556,521,553,189317,0.0
2021-08-30,549,560,547,556,211880,0.005424954792043302
2021-08-31,557,561,549,556,178710,0.0
2021-09-01,552,559,550,555,182367,-0.0017985611510791255
2021-09-02,558,570,555,565,334529,0.018018018018018056
2021-09-03,563,569,559,564,151535,-0.001769911504424737
2021-09-06,567,571,553,557,174821,-0.012411347517730542
2021-09-07,559,571,555,557,161278,0.0
2021-09-08,562,568,549,557,318564,0.0
2021-09-09,556,558,536,536,405136,-0.037701974865350096
2021-09-10,538,558,536,545,268609,0.01679104477611948
2021-09-13,545,553,538,546,282330,0.0018348623853210455
2021-09-14,541,551,540,543,211891,-0.005494505494505475
2021-09-15,545,546,538,540,137172,-0.0055248618784530246
2021-09-16,539,539,524,524,355868,-0.029629629629629672
2021-09-17,521,525,516,522,257559,-0.003816793893129722
2021-09-23,520,521,500,501,645508,-0.04022988505747127
2021-09-24,500,535,499,502,1017618,0.001996007984031989
2021-09-27,505,508,500,508,154833,0.01195219123505975
2021-09-28,508,511,497,500,497136,-0.015748031496062964
2021-09-29,492,495,480,491,608130,-0.018000000000000016
2021-09-30,486,496,484,496,449682,0.010183299389002087
2021-10-01,500,500,482,484,281231,-0.024193548387096753
2021-10-05,479,481,456,456,503875,-0.05785123966942152
2021-10-06,456,467,438,456,567829,0.0
2021-10-07,461,462,454,462,256430,0.013157894736842035
2021-10-08,461,467,459,463,219015,0.0021645021645022577
2021-10-12,463,464,450,457,192412,-0.01295896328293733
2021-10-13,453,467,451,462,136325,0.010940919037199182
2021-10-14,462,469,462,468,142187,0.01298701298701288
2021-10-15,470,476,468,475,175418,0.014957264957264904
2021-10-18,481,481,472,479,171991,0.008421052631578885
2021-10-19,481,484,474,479,180482,0.0
2021-10-20,480,507,477,483,668771,0.008350730688935215
2021-10-21,486,486,481,483,95665,0.0
2021-10-22,482,501,478,485,330922,0.0041407867494824835
2021-10-25,488,502,485,497,431235,0.024742268041237025
2021-10-26,497,515,495,512,693929,0.030181086519114775
2021-10-27,515,515,500,502,327929,-0.01953125
2021-10-28,502,506,497,502,164401,0.0
2021-10-29,506,507,492,497,194358,-0.009960159362549792
2021-11-01,493,503,488,495,181009,-0.004024144869215318
2021-11-02,496,500,494,499,116054,0.008080808080808133
2021-11-03,502,502,490,496,119825,-0.006012024048096198
2021-11-04,500,500,486,489,121024,-0.014112903225806495
2021-11-05,489,498,483,491,100731,0.004089979550102152
2021-11-08,481,489,478,483,140550,-0.016293279022403295
2021-11-09,483,488,480,484,170679,0.0020703933747412417
2021-11-10,490,490,461,468,221006,-0.03305785123966942
2021-11-11,467,471,458,465,231543,-0.0064102564102563875
2021-11-12,460,479,460,474,212756,0.019354838709677358
2021-11-15,479,479,471,477,109815,0.006329113924050667
2021-11-16,478,523,473,481,1497057,0.008385744234800763
2021-11-17,481,482,470,477,182139,-0.008316008316008316
2021-11-18,479,479,466,474,93906,-0.0062893081761006275
2021-11-19,472,476,465,473,240273,-0.002109704641350185
2021-11-22,469,471,452,458,309169,-0.031712473572938715
2021-11-23,459,461,455,459,74623,0.0021834061135370675
2021-11-24,461,462,457,459,100489,0.0
2021-11-25,459,467,457,458,155025,-0.002178649237472796
2021-11-26,454,461,449,452,197644,-0.013100436681222738
2021-11-29,448,450,434,440,310609,-0.026548672566371723
2021-11-30,436,442,409,418,524840,-0.050000000000000044
2021-12-01,410,420,407,420,239885,0.004784688995215225
2021-12-02,410,433,410,433,225534,0.030952380952380842
2021-12-03,437,440,429,439,248461,0.01385681293302543
2021-12-06,436,442,433,435,202568,-0.009111617312072884
2021-12-07,441,441,434,439,149727,0.009195402298850519
2021-12-08,440,443,432,439,148994,0.0
2021-12-09,440,441,431,440,135335,0.002277904328018332
2021-12-10,436,443,435,442,158201,0.00454545454545463
2021-12-13,448,469,442,454,369132,0.02714932126696823
2021-12-14,450,455,446,450,100746,-0.008810572687224627
2021-12-15,441,449,437,437,139918,-0.028888888888888853
2021-12-16,440,441,435,440,98306,0.006864988558352492
2021-12-17,437,441,428,436,160588,-0.009090909090909038
2021-12-20,431,437,417,417,229727,-0.04357798165137616
2021-12-21,424,424,413,418,78043,0.0023980815347721673
2021-12-22,421,422,414,420,113505,0.004784688995215225
2021-12-23,421,426,418,422,100863,0.004761904761904745
2021-12-24,425,434,420,425,93443,0.007109004739336511
2021-12-27,428,429,422,426,96803,0.0023529411764706687
2021-12-28,423,427,414,414,191219,-0.028169014084507005
2021-12-29,417,420,410,415,107407,0.0024154589371980784
2021-12-30,414,425,397,425,527042,0.024096385542168752
2022-01-03,432,520,429,500,15743962,0.17647058823529416
2022-01-04,519,530,476,494,3184033,-0.01200000000000001
2022-01-05,496,592,488,540,21829312,0.09311740890688269
2022-01-06,535,605,505,508,11435085,-0.059259259259259234
2022-01-07,513,537,478,485,2468506,-0.04527559055118113
2022-01-10,490,500,469,485,852598,0.0
2022-01-11,481,482,456,460,747302,-0.05154639175257736
2022-01-12,464,467,450,463,513179,0.006521739130434856
2022-01-13,462,475,462,470,389041,0.015118790496760237
2022-01-14,469,483,464,468,521043,-0.004255319148936176
2022-01-17,468,483,463,472,311595,0.008547008547008517
2022-01-18,467,482,443,462,245502,-0.021186440677966156
2022-01-19,464,482,440,449,837494,-0.02813852813852813
2022-01-20,449,456,449,454,104703,0.011135857461024523
2022-01-21,454,461,437,449,298507,-0.011013215859030812
2022-01-24,448,449,419,422,496224,-0.060133630289532336
2022-01-25,420,430,384,405,633144,-0.04028436018957349
2022-01-26,401,409,396,398,417215,-0.01728395061728394
2022-01-27,398,400,365,386,416860,-0.03015075376884424
2022-01-28,385,413,385,400,403890,0.03626943005181338
2022-02-03,424,424,402,412,229077,0.030000000000000027
2022-02-04,414,426,408,421,346327,0.02184466019417486
2022-02-07,421,425,411,416,218751,-0.01187648456057011
2022-02-08,418,520,413,439,8810529,0.05528846153846145
2022-02-09,435,448,425,426,861635,-0.029612756264236872
2022-02-10,431,437,417,419,614900,-0.016431924882629123
2022-02-11,419,421,408,409,269593,-0.023866348448687402
2022-02-14,404,404,383,388,394840,-0.05134474327628358
2022-02-15,382,391,375,377,483265,-0.028350515463917536
2022-02-16,380,396,380,392,219033,0.039787798408488007
2022-02-17,394,398,383,390,478442,-0.005102040816326481
2022-02-18,390,398,376,393,282312,0.007692307692307665
2022-02-21,393,395,386,390,221200,-0.007633587786259555
2022-02-22,388,395,380,391,181845,0.002564102564102555
2022-02-23,388,438,388,412,3270669,0.053708439897698135
2022-02-24,408,435,400,405,2279272,-0.016990291262135915
2022-02-25,406,423,404,419,602393,0.03456790123456788
2022-02-28,424,424,409,415,289328,-0.009546539379474916
2022-03-02,415,437,408,412,676024,-0.0072289156626506035
2022-03-03,412,420,410,416,285778,0.009708737864077666
2022-03-04,416,418,405,410,186277,-0.014423076923076872
2022-03-07,410,410,390,395,327073,-0.03658536585365857
2022-03-08,391,397,386,392,322708,-0.0075949367088608
2022-03-10,392,404,388,391,367008,-0.0025510204081632404
2022-03-11,392,428,390,391,620067,0.0
2022-03-14,393,393,384,389,197474,-0.005115089514066473
2022-03-15,386,388,382,385,188016,-0.010282776349614386
2022-03-16,384,390,383,388,99730,0.007792207792207684
2022-03-17,388,391,385,388,346674,0.0
2022-03-18,388,414,385,395,337552,0.018041237113401998
2022-03-21,397,426,386,387,898455,-0.020253164556962022
2022-03-22,388,393,386,392,94409,0.012919896640826822
2022-03-23,394,402,385,391,289734,-0.0025510204081632404
2022-03-24,392,393,386,391,108046,0.0
2022-03-25,392,398,378,386,316962,-0.012787723785166238
2022-03-28,388,389,376,381,398477,-0.012953367875647714
2022-03-29,381,390,377,382,251551,0.002624671916010568
2022-03-30,385,400,380,396,468987,0.03664921465968596
2022-03-31,397,403,393,401,163136,0.012626262626262541
2022-04-01,401,405,390,404,267969,0.007481296758104827
2022-04-04,400,403,385,393,732430,-0.027227722772277252
2022-04-05,395,408,392,403,314594,0.025445292620865034
2022-04-06,405,405,396,399,218015,-0.00992555831265507
2022-04-07,395,395,387,393,277640,-0.015037593984962405
2022-04-08,390,395,387,395,143256,0.0050890585241729624
2022-04-11,395,397,379,383,3303610,-0.03037974683544309
2022-04-12,384,386,373,379,649601,-0.010443864229765065
2022-04-13,382,417,381,392,5520931,0.03430079155672816
2022-04-14,397,413,380,393,3912587,0.0025510204081633514
2022-04-15,393,400,380,384,1028592,-0.022900763358778664
2022-04-18,384,397,381,387,691707,0.0078125
2022-04-19,385,389,384,388,317565,0.0025839793281654533
2022-04-20,392,393,387,389,311211,0.002577319587628857
2022-04-21,395,397,389,397,616861,0.020565552699228773
2022-04-22,394,407,386,402,1202855,0.012594458438287104
2022-04-25,396,399,387,391,514427,-0.027363184079602032
2022-04-26,388,400,385,395,597965,0.010230179028132946
2022-04-27,384,414,384,397,1372434,0.005063291139240533
2022-04-28,395,401,394,400,370021,0.007556675062972307
2022-04-29,400,417,398,408,948375,0.020000000000000018
2022-05-02,408,410,403,407,331238,-0.002450980392156854
2022-05-03,407,410,402,406,249788,-0.002457002457002422
2022-05-04,406,407,370,376,2615944,-0.07389162561576357
2022-05-06,371,371,358,370,855562,-0.015957446808510634
2022-05-09,368,379,352,357,854098,-0.03513513513513511
2022-05-10,354,354,331,351,820094,-0.01680672268907568
2022-05-11,349,356,344,350,426585,-0.002849002849002802
2022-05-12,350,352,343,344,334941,-0.017142857142857126
2022-05-13,344,351,341,344,214853,0.0
2022-05-16,348,357,348,354,423937,0.029069767441860517
2022-05-17,355,355,347,354,430345,0.0
2022-05-18,356,357,350,354,142447,0.0
2022-05-19,349,349,336,344,568519,-0.02824858757062143
2022-05-20,341,344,337,337,331166,-0.02034883720930236
2022-05-23,337,342,325,335,878472,-0.005934718100890191
2022-05-24,335,336,314,320,1248420,-0.04477611940298509
2022-05-25,319,321,311,316,374441,-0.012499999999999956
2022-05-26,318,319,306,317,577151,0.0031645569620253333
2022-05-27,380,412,367,370,43544762,0.1671924290220821
2022-05-30,372,457,372,425,35776016,0.14864864864864868
2022-05-31,442,550,425,530,81932798,0.24705882352941178
2022-06-02,545,546,478,478,24024429,-0.09811320754716979
2022-06-03,483,608,483,537,84190483,0.12343096234309625
2022-06-07,549,575,501,533,30917919,-0.007448789571694592
2022-06-08,535,536,490,497,7335703,-0.06754221388367732
2022-06-09,505,534,477,483,8099837,-0.028169014084507005
2022-06-10,490,491,457,463,4963847,-0.04140786749482406
2022-06-13,452,457,420,428,3833401,-0.0755939524838013
2022-06-14,413,443,398,421,4063229,-0.016355140186915862
2022-06-15,434,450,417,440,5411099,0.0451306413301662
2022-06-16,441,446,427,438,2408180,-0.004545454545454519
2022-06-17,418,440,417,427,1117979,-0.02511415525114158
2022-06-20,440,440,420,426,1472518,-0.0023419203747072626
2022-06-21,426,448,386,407,4404412,-0.04460093896713613
2022-06-22,411,413,364,371,2987127,-0.0884520884520884
2022-06-23,371,371,335,343,2619514,-0.07547169811320753
2022-06-24,353,362,344,357,1808359,0.04081632653061229
2022-06-27,356,383,356,379,1935309,0.06162464985994398
2022-06-28,384,396,367,379,1377969,0.0
2022-06-29,393,409,371,379,3169233,0.0
2022-06-30,377,377,362,364,1267972,-0.0395778364116095
2022-07-01,363,366,342,344,1056030,-0.05494505494505497
2022-07-04,345,350,329,340,858564,-0.011627906976744207
2022-07-05,354,366,343,354,819527,0.04117647058823537
2022-07-06,359,364,345,355,672653,0.0028248587570620654
2022-07-07,355,365,348,362,779208,0.019718309859154903
2022-07-08,369,373,362,368,611185,0.016574585635359185
2022-07-11,370,371,355,357,502273,-0.029891304347826053
2022-07-12,355,355,340,344,681059,-0.036414565826330514
2022-07-13,344,354,339,350,492863,0.01744186046511631
2022-07-14,352,359,347,358,592078,0.02285714285714291
2022-07-15,360,363,347,354,327051,-0.011173184357541888
2022-07-18,360,362,352,356,562800,0.005649717514124353
2022-07-19,358,359,350,357,375785,0.002808988764045006
2022-07-20,365,365,353,358,427452,0.0028011204481792618
2022-07-21,358,363,356,360,476370,0.005586592178770999
2022-07-22,361,368,360,360,381676,0.0
2022-07-25,369,369,356,356,336060,-0.011111111111111072
2022-07-26,357,357,347,353,484907,-0.008426966292134797
2022-07-27,352,354,349,354,323869,0.0028328611898016387
2022-07-28,358,358,350,352,216283,-0.005649717514124242
2022-07-29,354,354,346,348,355633,-0.011363636363636354
2022-08-01,350,354,345,350,601721,0.005747126436781658
2022-08-02,351,351,345,349,373809,-0.0028571428571428914
2022-08-03,347,357,346,353,631354,0.011461318051575908
2022-08-04,356,356,351,353,293063,0.0
2022-08-05,354,355,346,349,291625,-0.011331444759206777
2022-08-08,349,349,344,349,315596,0.0
2022-08-09,347,349,343,345,352859,-0.011461318051575908
2022-08-10,344,345,340,341,356417,-0.011594202898550732
2022-08-11,341,344,340,344,502924,0.008797653958944274
2022-08-12,346,415,341,366,20112223,0.06395348837209291
2022-08-16,371,372,352,357,2621115,-0.024590163934426257
2022-08-17,358,358,350,354,745921,-0.008403361344537785
2022-08-18,347,419,347,364,16099928,0.02824858757062154
2022-08-19,360,363,353,356,1554267,-0.02197802197802201
2022-08-22,354,354,341,343,880336,-0.0365168539325843
2022-08-23,341,359,335,359,852635,0.04664723032069973
2022-08-24,359,359,348,348,712485,-0.03064066852367686
2022-08-25,348,352,345,345,523659,-0.008620689655172376
2022-08-26,350,355,344,344,682579,-0.0028985507246376274
2022-08-29,336,399,332,351,7432112,0.02034883720930236
2022-08-30,351,358,346,351,1354155,0.0
2022-08-31,351,352,346,348,449334,-0.008547008547008517
2022-09-01,348,349,330,341,855667,-0.02011494252873558
2022-09-02,339,347,338,343,308051,0.0058651026392961825
2022-09-05,340,345,336,338,309034,-0.014577259475218707
2022-09-06,338,344,337,342,163549,0.01183431952662728
2022-09-07,342,343,333,335,487825,-0.020467836257309968
2022-09-08,335,341,334,338,153771,0.008955223880596996
2022-09-13,339,342,335,342,319694,0.01183431952662728
2022-09-14,338,341,335,339,314784,-0.00877192982456143
2022-09-15,341,342,336,338,233716,-0.002949852507374673
2022-09-16,337,341,333,337,308396,-0.00295857988165682
2022-09-19,335,340,329,331,470968,-0.017804154302670572
2022-09-20,335,359,334,338,994363,0.02114803625377637
2022-09-21,338,344,333,335,343518,-0.00887573964497046
2022-09-22,331,333,323,327,443853,-0.023880597014925398
2022-09-23,324,327,319,322,413939,-0.015290519877675823
2022-09-26,320,320,299,302,464078,-0.06211180124223603
2022-09-27,300,321,300,309,734299,0.023178807947019875
2022-09-28,302,311,297,305,254257,-0.012944983818770184
2022-09-29,305,310,304,304,222054,-0.003278688524590123
2022-09-30,301,304,295,301,214064,-0.009868421052631526
2022-10-04,302,305,300,301,256628,0.0
2022-10-05,305,308,295,304,744710,0.009966777408637828
2022-10-06,308,319,303,313,1578474,0.02960526315789469
2022-10-07,312,329,310,313,933684,0.0
2022-10-11,311,312,293,300,448239,-0.04153354632587858
2022-10-12,292,310,292,303,452706,0.010000000000000009
2022-10-13,303,304,280,283,611175,-0.06600660066006603
2022-10-14,285,294,283,293,409661,0.035335689045936425
2022-10-17,293,299,289,295,388767,0.006825938566553003
2022-10-18,297,303,295,300,334305,0.016949152542372836
2022-10-19,300,357,299,311,9996670,0.036666666666666625
2022-10-20,313,379,311,329,19812529,0.05787781350482324
2022-10-21,324,336,317,321,3289271,-0.024316109422492405
2022-10-24,322,327,297,309,1585513,-0.03738317757009346
2022-10-25,310,314,300,302,959628,-0.02265372168284785
2022-10-26,302,310,297,298,1079338,-0.013245033112582738
2022-10-27,299,305,298,305,256623,0.02348993288590595
2022-10-28,304,330,299,311,5467885,0.01967213114754096
2022-10-31,310,317,293,300,1924361,-0.03536977491961413
2022-11-01,305,310,299,308,877719,0.026666666666666616
2022-11-02,308,310,303,306,482464,-0.00649350649350644
2022-11-03,301,307,296,304,497368,-0.006535947712418277
2022-11-04,306,306,301,305,308713,0.00328947368421062
2022-11-07,305,313,303,310,669892,0.016393442622950838
2022-11-08,311,319,306,317,1088887,0.022580645161290214
2022-11-09,317,323,314,321,742379,0.012618296529968376
2022-11-10,314,328,311,322,665398,0.0031152647975076775
2022-11-11,323,332,318,322,704171,0.0
2022-11-14,321,330,319,326,811779,0.012422360248447228
2022-11-15,326,351,323,338,3114387,0.036809815950920255
2022-11-16,338,339,320,324,1054624,-0.041420118343195256
2022-11-17,327,327,310,319,797331,-0.015432098765432056
2022-11-18,319,329,319,324,681681,0.01567398119122254
2022-11-21,321,323,315,316,287418,-0.024691358024691357
2022-11-22,312,316,307,308,340451,-0.025316455696202556
2022-11-23,307,315,307,312,165446,0.01298701298701288
2022-11-24,317,328,313,319,909288,0.022435897435897356
2022-11-25,320,323,315,315,218995,-0.01253918495297801
2022-11-28,315,317,311,315,345181,0.0
2022-11-29,311,322,311,322,589133,0.022222222222222143
2022-11-30,322,322,314,318,469648,-0.012422360248447228
2022-12-01,320,329,318,322,678490,0.012578616352201255
2022-12-02,326,326,316,317,373572,-0.01552795031055898
2022-12-05,319,389,319,360,34731160,0.13564668769716093
2022-12-06,356,375,341,357,8294931,-0.008333333333333304
2022-12-07,350,377,343,362,6945323,0.014005602240896309
2022-12-08,366,368,341,344,2416598,-0.04972375690607733
2022-12-09,341,447,337,447,38976145,0.2994186046511629
2022-12-12,487,493,410,430,29794229,-0.03803131991051456
2022-12-13,436,436,385,385,12728277,-0.10465116279069764
2022-12-14,393,415,376,385,8996761,0.0
2022-12-15,385,393,374,376,4035596,-0.023376623376623384
2022-12-16,369,385,364,370,3745518,-0.015957446808510634
2022-12-19,372,375,355,361,2154532,-0.024324324324324298
2022-12-20,357,361,340,347,2403035,-0.03878116343490301
2022-12-21,350,353,340,347,1147972,0.0
2022-12-22,350,451,348,403,81869672,0.1613832853025936
2022-12-23,408,523,405,456,142140872,0.13151364764267992
2022-12-26,468,485,421,428,48875467,-0.06140350877192979
2022-12-27,441,465,425,425,22830833,-0.007009345794392496
2022-12-28,436,438,406,414,8390963,-0.025882352941176467
2022-12-29,408,470,405,436,46360983,0.0531400966183575
2023-01-02,440,456,415,429,13410390,-0.016055045871559592
2023-01-03,438,438,404,408,6532099,-0.04895104895104896
2023-01-04,409,433,401,413,7839713,0.01225490196078427
2023-01-05,424,438,405,407,8348471,-0.014527845036319653
2023-01-06,410,423,404,407,4004997,0.0
2023-01-09,413,424,407,424,3431777,0.041769041769041726
2023-01-10,428,429,404,409,3966337,-0.035377358490566
2023-01-11,409,487,404,434,33727067,0.06112469437652801
2023-01-12,434,443,424,424,6999464,-0.02304147465437789
2023-01-13,423,430,419,422,2915081,-0.004716981132075526
2023-01-16,423,432,420,427,2700159,0.011848341232227444
2023-01-17,427,434,422,433,3022206,0.014051522248243575
2023-01-18,431,431,408,414,3450012,-0.04387990762124716
2023-01-19,413,447,394,418,14671908,0.009661835748792313
2023-01-20,416,425,406,410,3025353,-0.019138755980861233
2023-01-25,410,415,399,403,2409009,-0.017073170731707332
2023-01-26,403,405,398,401,1644550,-0.00496277915632759
2023-01-27,401,407,399,399,1007296,-0.004987531172069848
2023-01-30,396,401,385,387,1812053,-0.03007518796992481
2023-01-31,385,391,381,385,906797,-0.0051679586563307955
2023-02-01,388,394,380,387,1154904,0.0051948051948051965
2023-02-02,389,397,386,392,1176171,0.012919896640826822
2023-02-03,394,397,384,385,801969,-0.017857142857142905
2023-02-06,386,395,383,395,757281,0.025974025974025983
2023-02-07,391,397,386,390,650824,-0.012658227848101222
2023-02-08,391,393,387,388,948894,-0.00512820512820511
2023-02-09,391,413,391,400,4213663,0.030927835051546282
2023-02-10,403,439,396,401,8671207,0.0024999999999999467
2023-02-13,401,425,395,410,2680558,0.02244389027431426
2023-02-14,406,415,400,401,1170076,-0.02195121951219514
2023-02-15,401,401,380,385,1495165,-0.03990024937655856
2023-02-16,384,395,382,388,796124,0.007792207792207684
2023-02-17,386,402,379,400,1156585,0.030927835051546282
2023-02-20,400,400,386,389,996358,-0.02749999999999997
2023-02-21,389,393,387,388,752740,-0.0025706940874036244
2023-02-22,386,386,370,374,1268835,-0.03608247422680411
2023-02-23,371,377,366,375,872677,0.002673796791443861
2023-02-24,378,379,370,374,757545,-0.002666666666666706
2023-02-27,370,375,365,366,467916,-0.021390374331550777
2023-02-28,366,374,360,370,533291,0.010928961748633892
2023-03-02,373,388,367,378,1019279,0.021621621621621623
2023-03-03,380,386,366,373,835340,-0.013227513227513255
2023-03-06,378,378,365,369,645589,-0.01072386058981234
2023-03-07,368,370,340,360,1319670,-0.024390243902439046
2023-03-08,360,387,356,372,1915606,0.03333333333333344
2023-03-09,372,375,358,360,818242,-0.032258064516129004
2023-03-10,357,358,345,345,779102,-0.04166666666666663
2023-03-13,340,355,328,341,857938,-0.011594202898550732
2023-03-14,336,341,328,329,477231,-0.035190615835777095
2023-03-15,329,341,329,338,314492,0.02735562310030404
2023-03-16,338,338,324,324,621211,-0.041420118343195256
2023-03-17,325,330,325,328,239858,0.012345679012345734
2023-03-20,329,339,328,335,323510,0.021341463414634054
2023-03-21,335,340,323,328,528325,-0.020895522388059695
2023-03-22,328,332,313,316,907159,-0.03658536585365857
2023-03-23,316,320,313,314,413503,-0.006329113924050667
2023-03-24,314,324,312,319,372562,0.015923566878981
2023-03-27,320,332,309,327,550464,0.02507836990595602
2023-03-28,327,332,322,330,399757,0.00917431192660545
2023-03-29,333,338,315,334,604423,0.0121212121212122
2023-03-30,336,338,331,334,418969,0.0
2023-03-31,331,335,327,330,233449,-0.0119760479041916
2023-04-03,330,332,323,330,385568,0.0
2023-04-04,331,338,323,334,446786,0.0121212121212122
2023-04-05,334,335,330,334,205164,0.0
2023-04-06,336,336,325,335,442319,0.0029940119760478723
2023-04-07,337,432,333,360,46989380,0.07462686567164178
2023-04-10,365,420,362,380,22352846,0.05555555555555558
2023-04-11,374,379,354,362,3859195,-0.047368421052631615
2023-04-12,368,416,367,380,11015998,0.04972375690607733
2023-04-13,388,388,362,370,2906877,-0.02631578947368418
2023-04-14,374,384,362,376,2209219,0.016216216216216273
2023-04-17,377,378,365,368,1616320,-0.021276595744680882
2023-04-18,421,435,386,391,28360822,0.0625
2023-04-19,390,394,374,378,3120444,-0.03324808184143224
2023-04-20,378,380,366,375,2128610,-0.007936507936507908
2023-04-21,372,372,355,355,2147815,-0.053333333333333344
2023-04-24,358,359,336,338,1444142,-0.04788732394366202
2023-04-25,338,356,332,345,1655429,0.020710059171597628
2023-04-26,341,349,335,342,744429,-0.008695652173912993
2023-04-27,339,342,327,338,801191,-0.011695906432748537
2023-04-28,341,341,321,327,1205873,-0.03254437869822491
2023-05-02,327,332,323,330,399169,0.00917431192660545
2023-05-03,330,338,327,334,676047,0.0121212121212122
2023-05-04,334,335,328,335,556348,0.0029940119760478723
2023-05-08,338,344,331,337,518718,0.005970149253731405
2023-05-09,339,339,329,333,495244,-0.011869436201780381
2023-05-10,333,366,329,340,3077794,0.021021021021021102
2023-05-11,341,360,338,345,2142173,0.014705882352941124
2023-05-12,349,355,343,346,900155,0.0028985507246377384
2023-05-15,342,347,338,343,464204,-0.00867052023121384
2023-05-16,343,346,340,344,433947,0.00291545189504383
2023-05-17,330,362,330,350,2053453,0.01744186046511631
2023-05-18,349,355,347,349,451339,-0.0028571428571428914
2023-05-19,349,352,342,347,515435,-0.005730659025787954
2023-05-22,347,347,342,346,323371,-0.0028818443804035088
2023-05-23,347,348,341,342,462411,-0.011560693641618491
2023-05-24,342,345,335,342,573953,0.0
2023-05-25,339,342,335,337,527533,-0.014619883040935644
2023-05-26,336,337,325,330,903611,-0.020771513353115778
2023-05-30,330,333,327,330,330427,0.0
2023-05-31,331,334,326,329,436216,-0.00303030303030305
2023-06-01,329,329,322,324,496465,-0.015197568389057725
2023-06-02,324,324,319,320,768133,-0.012345679012345734
2023-06-05,322,328,322,326,232783,0.018750000000000044
2023-06-07,328,328,323,324,220378,-0.006134969325153339
2023-06-08,324,324,320,323,329813,-0.0030864197530864335
2023-06-09,322,326,321,323,337910,0.0
2023-06-12,322,324,320,321,316969,-0.006191950464396245
2023-06-13,319,323,319,319,494760,-0.006230529595015577
2023-06-14,324,325,314,314,919552,-0.01567398119122254
2023-06-15,316,320,313,319,294723,0.015923566878981
2023-06-16,322,323,316,319,329190,0.0
2023-06-19,319,322,316,319,259189,0.0
2023-06-20,323,355,323,332,3799274,0.040752351097178785
2023-06-21,331,333,322,326,713902,-0.01807228915662651
2023-06-22,325,327,322,324,398316,-0.006134969325153339
2023-06-23,324,326,318,320,428036,-0.012345679012345734
2023-06-26,323,323,315,317,441865,-0.009375000000000022
2023-06-27,316,320,315,317,199380,0.0
2023-06-28,319,320,315,317,296507,0.0
2023-06-29,317,319,309,313,576987,-0.012618296529968487
2023-06-30,313,313,305,312,322804,-0.0031948881789137795
2023-07-03,313,317,309,315,140727,0.009615384615384581
2023-07-04,319,328,314,319,497365,0.012698412698412653
2023-07-05,319,322,316,318,160389,-0.0031347962382445305
2023-07-06,315,318,303,306,602269,-0.037735849056603765
2023-07-07,300,303,297,299,580966,-0.022875816993464082
2023-07-10,299,302,290,297,353286,-0.006688963210702337
2023-07-11,296,301,295,297,290623,0.0
2023-07-12,299,307,298,298,306399,0.0033670033670034627
2023-07-13,299,305,297,305,354039,0.02348993288590595
2023-07-14,305,305,294,301,427728,-0.013114754098360604
2023-07-17,298,301,294,298,373526,-0.009966777408637828
2023-07-18,298,301,291,298,542186,0.0
2023-07-19,298,301,292,294,279010,-0.01342281879194629
2023-07-20,294,294,286,290,483619,-0.013605442176870763
2023-07-21,289,290,283,284,747684,-0.020689655172413834
2023-07-24,282,283,267,268,951997,-0.05633802816901412
2023-07-25,267,267,246,246,1125027,-0.08208955223880599
2023-07-26,245,245,210,218,2578520,-0.11382113821138207
2023-07-27,218,243,216,233,1561376,0.0688073394495412
2023-07-28,236,238,224,234,493686,0.0042918454935623185
2023-07-31,237,245,233,243,517914,0.03846153846153855
2023-08-01,243,254,240,253,389588,0.04115226337448563
2023-08-02,254,276,254,260,882666,0.027667984189723382
2023-08-03,260,262,241,252,449115,-0.03076923076923077
2023-08-04,254,315,254,261,14581985,0.03571428571428581
2023-08-07,265,271,251,256,1609324,-0.019157088122605415
2023-08-08,256,256,242,248,1085393,-0.03125
2023-08-09,245,250,238,248,376941,0.0
2023-08-10,242,246,221,233,11556409,-0.06048387096774188
2023-08-11,231,302,225,302,33050265,0.296137339055794
2023-08-14,370,388,326,353,64946238,0.16887417218543055
2023-08-16,350,350,288,296,15726026,-0.16147308781869685
2023-08-17,285,292,272,272,7083129,-0.08108108108108103
2023-08-18,274,301,247,252,15470102,-0.07352941176470584
2023-08-21,245,247,232,234,3768991,-0.0714285714285714
2023-08-22,241,292,234,264,33337571,0.1282051282051282
2023-08-23,262,308,250,265,22263647,0.0037878787878788955
2023-08-24,267,285,260,265,7378745,0.0
2023-08-25,266,290,262,273,8589541,0.030188679245283012
2023-08-28,285,287,271,275,3285782,0.0073260073260073
2023-08-29,274,276,265,266,2410845,-0.032727272727272716
2023-08-30,267,268,256,256,2003748,-0.03759398496240607
2023-08-31,256,262,253,256,1083557,0.0
2023-09-01,253,256,251,252,800180,-0.015625
2023-09-04,252,252,245,247,1074185,-0.019841269841269882
2023-09-05,247,251,245,250,533861,0.012145748987854255
2023-09-06,252,263,250,255,1899269,0.020000000000000018
2023-09-07,259,263,251,253,600397,-0.007843137254901933
2023-09-08,249,255,248,250,640375,-0.011857707509881465
2023-09-11,255,255,248,248,491501,-0.008000000000000007
2023-09-12,250,253,242,243,1210780,-0.020161290322580627
2023-09-13,246,251,240,246,882934,0.012345679012345734
2023-09-14,243,248,242,246,585275,0.0
2023-09-15,249,253,245,249,646568,0.012195121951219523
2023-09-18,249,256,247,250,645912,0.004016064257028162
2023-09-19,251,252,245,249,516258,-0.0040000000000000036
2023-09-20,252,252,247,250,339891,0.004016064257028162
2023-09-21,247,250,235,239,700255,-0.04400000000000004
2023-09-22,236,240,231,236,561339,-0.012552301255230103
2023-09-25,240,273,239,251,13937609,0.06355932203389836
2023-09-26,249,251,232,236,1948608,-0.05976095617529875
2023-09-27,235,239,228,238,975388,0.008474576271186418
2023-10-04,240,245,226,229,1366754,-0.037815126050420145
2023-10-05,227,231,220,226,810245,-0.013100436681222738
2023-10-06,226,231,224,227,450595,0.004424778761061843
2023-10-10,229,230,223,224,511299,-0.013215859030836996
2023-10-11,224,229,224,226,359339,0.008928571428571397
2023-10-12,234,234,227,227,471852,0.004424778761061843
2023-10-13,227,284,225,246,37782878,0.08370044052863435
2023-10-16,243,246,228,238,2761341,-0.03252032520325199
2023-10-17,238,259,235,244,2424390,0.025210084033613356
2023-10-18,246,256,232,234,3104478,-0.040983606557377095
2023-10-19,231,237,226,227,1054666,-0.02991452991452992
2023-10-20,224,227,219,220,821678,-0.03083700440528636
2023-10-23,220,225,218,221,556927,0.00454545454545463
2023-10-24,221,223,213,221,750267,0.0
2023-10-25,226,227,222,224,496114,0.013574660633484115
2023-10-26,220,224,213,217,540141,-0.03125
2023-10-27,217,220,213,216,559946,-0.004608294930875556
2023-10-30,218,218,213,213,409709,-0.01388888888888884
2023-10-31,215,218,211,216,600599,0.014084507042253502
2023-11-01,216,221,211,217,480488,0.004629629629629539
2023-11-02,220,224,218,221,371753,0.018433179723502224
2023-11-03,224,229,220,226,507094,0.02262443438914019
2023-11-06,226,231,225,229,620834,0.01327433628318575
2023-11-07,229,229,222,225,736635,-0.017467248908296984
2023-11-08,225,228,222,224,440343,-0.004444444444444473
2023-11-09,226,226,217,221,256896,-0.013392857142857095
2023-11-10,222,223,218,222,309718,0.004524886877828038
2023-11-13,223,223,218,219,368805,-0.013513513513513487
2023-11-14,216,224,216,222,198002,0.013698630136986356
2023-11-15,223,229,221,228,594291,0.027027027027026973
2023-11-16,232,232,225,228,483739,0.0
2023-11-17,228,229,221,222,459429,-0.02631578947368418
2023-11-20,222,223,219,221,383713,-0.0045045045045044585
2023-11-21,222,229,219,226,843553,0.02262443438914019
2023-11-22,228,228,223,226,250530,0.0
2023-11-23,225,226,223,223,150503,-0.013274336283185861
2023-11-24,223,224,215,221,723433,-0.008968609865470878
2023-11-27,219,221,215,218,626910,-0.013574660633484115
2023-11-28,218,220,215,217,503473,-0.004587155963302725
2023-11-29,217,217,212,216,731695,-0.004608294930875556
2023-11-30,216,218,214,216,127188,0.0
2023-12-01,218,218,213,214,324476,-0.0092592592592593
2023-12-04,214,215,212,214,197168,0.0
2023-12-05,217,218,213,215,196612,0.004672897196261738
2023-12-06,212,215,210,213,931250,-0.009302325581395321
2023-12-07,213,213,200,204,1582969,-0.04225352112676062
2023-12-08,205,208,205,208,376012,0.019607843137254832
2023-12-11,209,237,203,231,3598442,0.11057692307692313
2023-12-12,247,262,213,217,12877507,-0.06060606060606055
2023-12-13,218,221,206,206,1951030,-0.05069124423963134
2023-12-14,206,209,205,208,959607,0.009708737864077666
2023-12-15,207,208,205,207,520127,-0.004807692307692291
2023-12-18,208,208,204,207,339913,0.0
2023-12-19,207,213,203,206,849645,-0.004830917874396157
2023-12-20,206,206,204,204,372382,-0.009708737864077666
2023-12-21,205,206,203,203,294858,-0.004901960784313708
2023-12-22,204,221,202,207,3174249,0.019704433497536922
2023-12-26,209,209,200,201,937044,-0.02898550724637683
2023-12-27,201,217,198,205,1249710,0.01990049751243772
2023-12-28,207,257,204,215,42382092,0.04878048780487809
2024-01-02,216,247,212,223,13058306,0.037209302325581506
2024-01-03,227,231,218,220,3085018,-0.013452914798206317
2024-01-04,220,221,216,217,953611,-0.013636363636363669
2024-01-05,218,218,203,209,1600767,-0.03686635944700456
2024-01-08,210,215,205,210,597682,0.004784688995215225
2024-01-09,211,215,210,213,413096,0.014285714285714235
2024-01-10,213,215,208,210,522371,-0.014084507042253502
2024-01-11,210,216,209,213,828742,0.014285714285714235
2024-01-12,214,214,202,207,766914,-0.028169014084507005
2024-01-15,206,207,203,204,329483,-0.01449275362318836
2024-01-16,204,207,203,205,402799,0.004901960784313708
2024-01-17,205,207,202,203,453926,-0.009756097560975618
2024-01-18,203,237,203,210,12514000,0.034482758620689724
2024-01-19,210,212,206,207,953883,-0.014285714285714235
2024-01-22,206,207,202,204,885881,-0.01449275362318836
2024-01-23,204,208,202,206,830443,0.009803921568627416
2024-01-24,209,236,205,214,12599473,0.03883495145631066
2024-01-25,220,274,215,238,44807913,0.11214953271028039
2024-01-26,244,267,227,228,12298307,-0.04201680672268904
2024-01-29,228,230,211,218,3429647,-0.04385964912280704
2024-01-30,216,228,214,223,1328945,0.022935779816513735
2024-01-31,222,228,214,217,1225136,-0.026905829596412523
2024-02-01,214,250,214,239,15924292,0.10138248847926268
2024-02-02,235,236,219,228,3216763,-0.046025104602510414
2024-02-05,224,225,216,222,1940961,-0.02631578947368418
2024-02-06,221,230,216,220,2392801,-0.009009009009009028
2024-02-07,220,223,217,218,788921,-0.009090909090909038
2024-02-08,218,221,215,217,860613,-0.004587155963302725
2024-02-13,220,220,214,217,997079,0.0
2024-02-14,215,227,214,223,2266324,0.02764976958525356
2024-02-15,223,225,218,220,731863,-0.013452914798206317
2024-02-16,219,223,217,218,794427,-0.009090909090909038
2024-02-19,218,222,218,222,800028,0.0183486238532109
2024-02-20,223,228,219,224,996243,0.009009009009008917
2024-02-21,224,253,222,232,10989584,0.03571428571428581
2024-02-22,232,233,221,223,2059222,-0.03879310344827591
2024-02-23,223,226,220,225,797157,0.008968609865470878
2024-02-26,225,225,221,222,489406,-0.013333333333333308
2024-02-27,220,222,215,219,970785,-0.013513513513513487
2024-02-28,219,224,217,223,645932,0.0182648401826484
2024-02-29,224,224,219,220,490463,-0.013452914798206317
2024-03-04,221,227,219,222,998970,0.009090909090909038
2024-03-05,220,226,219,220,659360,-0.009009009009009028
2024-03-06,219,223,217,219,590310,-0.004545454545454519
2024-03-07,221,242,219,224,4336628,0.022831050228310446
2024-03-08,225,229,220,226,1335723,0.008928571428571397
2024-03-11,229,229,222,226,878098,0.0
2024-03-12,226,226,216,219,1309911,-0.030973451327433676
2024-03-13,219,221,218,219,391073,0.0
2024-03-14,219,221,217,219,393277,0.0
2024-03-15,219,219,205,216,798908,-0.013698630136986356
2024-03-18,217,217,212,217,461441,0.004629629629629539
2024-03-19,217,218,215,216,186748,-0.004608294930875556
2024-03-20,216,216,209,211,986538,-0.02314814814814814
2024-03-21,212,214,207,212,776393,0.004739336492890933
2024-03-22,212,213,207,209,673712,-0.014150943396226467
2024-03-25,211,211,208,210,282521,0.004784688995215225
2024-03-26,218,218,205,208,547910,-0.00952380952380949
2024-03-27,207,219,207,210,1602589,0.009615384615384581
2024-03-28,210,212,208,210,305634,0.0
2024-03-29,210,212,208,212,365952,0.00952380952380949
2024-04-01,212,212,208,212,273431,0.0
2024-04-02,211,213,204,207,690278,-0.02358490566037741
2024-04-03,207,213,205,209,1069593,0.009661835748792313
2024-04-04,209,210,204,205,477793,-0.019138755980861233
2024-04-05,207,207,202,206,1119190,0.004878048780487809
2024-04-08,206,207,204,205,291015,-0.004854368932038833
2024-04-09,206,207,202,204,310831,-0.004878048780487809
2024-04-11,208,208,203,205,211750,0.004901960784313708
2024-04-12,205,207,204,207,325037,0.009756097560975618
2024-04-15,208,209,205,207,409861,0.0
2024-04-16,205,207,202,204,457534,-0.01449275362318836
2024-04-17,206,221,206,216,5831745,0.05882352941176472
2024-04-18,235,238,211,211,9541434,-0.02314814814814814
2024-04-19,211,211,203,206,1671483,-0.023696682464455
2024-04-22,206,208,204,205,404165,-0.004854368932038833
2024-04-23,204,206,203,204,587004,-0.004878048780487809
2024-04-24,203,206,203,205,353635,0.004901960784313708
2024-04-25,205,205,203,203,663945,-0.009756097560975618
2024-04-26,204,205,203,203,532858,0.0
2024-04-29,204,206,202,205,420521,0.009852216748768461
2024-04-30,205,206,204,206,479507,0.004878048780487809
2024-05-02,206,206,203,205,233614,-0.004854368932038833
2024-05-03,204,205,203,205,270244,0.0
2024-05-07,205,206,203,205,474718,0.0
2024-05-08,205,205,202,205,381398,0.0
2024-05-09,205,205,203,204,219387,-0.004878048780487809
2024-05-10,204,212,204,208,805893,0.019607843137254832
2024-05-13,209,209,205,206,215183,-0.009615384615384581
2024-05-14,206,207,202,207,418580,0.004854368932038833
2024-05-16,205,209,203,206,603546,-0.004830917874396157
2024-05-17,206,207,204,205,390135,-0.004854368932038833
2024-05-20,204,206,204,206,226123,0.004878048780487809
2024-05-21,206,206,203,205,172769,-0.004854368932038833
2024-05-22,206,207,203,205,455914,0.0
2024-05-23,205,206,203,205,605298,0.0
2024-05-24,205,206,204,205,1178566,0.0
2024-05-27,247,266,230,266,71358213,0.29756097560975614
2024-05-28,272,345,270,345,79595451,0.2969924812030076
2024-05-29,375,376,280,286,61688349,-0.17101449275362324
2024-05-30,287,371,286,371,30925539,0.2972027972027973
2024-05-31,409,475,400,406,129537560,0.09433962264150941
2024-06-03,388,462,373,398,47683958,-0.019704433497536922
2024-06-04,411,439,372,392,36290307,-0.015075376884422065
2024-06-05,395,403,323,331,16853679,-0.15561224489795922
2024-06-07,323,363,315,345,18624198,0.04229607250755296
2024-06-10,342,386,336,357,13872170,0.034782608695652195
2024-06-11,357,357,312,315,8369231,-0.11764705882352944
2024-06-12,318,372,318,332,19992316,0.053968253968254
2024-06-13,339,344,320,324,4717510,-0.02409638554216864
2024-06-14,328,361,319,339,11426853,0.04629629629629628
2024-06-17,344,348,324,328,3788149,-0.03244837758112096
2024-06-18,344,344,320,322,4090061,-0.018292682926829285
2024-06-19,330,330,305,307,3555938,-0.04658385093167705
2024-06-20,307,314,292,305,3304463,-0.006514657980456029
2024-06-21,305,319,294,302,3180619,-0.00983606557377048
2024-06-24,300,300,279,284,3425173,-0.05960264900662249
2024-06-25,278,293,275,288,2272470,0.014084507042253502
2024-06-26,292,292,269,273,3741198,-0.05208333333333337
2024-06-27,273,294,269,275,4867104,0.0073260073260073
2024-06-28,276,325,276,291,17343830,0.05818181818181811
2024-07-01,303,333,291,306,16804875,0.05154639175257736
2024-07-02,306,307,283,292,3384088,-0.04575163398692805
2024-07-03,292,296,275,278,2697499,-0.047945205479452024
2024-07-04,278,291,275,282,2028377,0.014388489208633004
2024-07-05,283,287,275,284,1700299,0.007092198581560183
2024-07-08,284,288,280,287,1984560,0.010563380281690238
2024-07-09,304,314,284,285,4012784,-0.006968641114982632
2024-07-10,283,295,278,280,2202092,-0.01754385964912286
2024-07-11,282,282,274,276,1219296,-0.014285714285714235
2024-07-12,276,281,273,277,957768,0.0036231884057971175
2024-07-15,276,279,273,277,616293,0.0
2024-07-16,277,280,274,276,814650,-0.0036101083032491488
2024-07-17,277,279,273,276,805020,0.0
2024-07-18,276,282,270,282,839237,0.021739130434782705
2024-07-19,283,283,273,275,746033,-0.024822695035460973
2024-07-22,275,278,268,271,833267,-0.014545454545454528
2024-07-23,271,279,270,278,1192442,0.02583025830258312
2024-07-24,275,279,270,270,325834,-0.02877697841726623
2024-07-25,271,273,251,264,935936,-0.022222222222222254
2024-07-26,261,268,261,265,364312,0.0037878787878788955
2024-07-29,264,269,260,269,585573,0.015094339622641506
2024-07-30,269,270,257,259,644501,-0.03717472118959109
2024-07-31,260,283,257,262,1345371,0.01158301158301156
2024-08-01,262,272,259,270,584000,0.03053435114503822
2024-08-02,267,267,254,256,721498,-0.051851851851851816
2024-08-05,253,257,225,234,1324049,-0.0859375
2024-08-06,237,252,226,243,842785,0.03846153846153855
2024-08-07,245,252,245,251,494594,0.03292181069958855
2024-08-08,246,257,243,257,426773,0.0239043824701195
2024-08-09,252,263,245,247,910494,-0.03891050583657585
2024-08-12,249,252,245,250,512137,0.012145748987854255
2024-08-13,249,252,238,240,1041810,-0.040000000000000036
2024-08-14,241,245,238,242,418498,0.008333333333333304
2024-08-16,243,244,236,241,610501,-0.004132231404958664
2024-08-19,241,242,231,235,601936,-0.024896265560165998
2024-08-20,236,242,227,240,834116,0.02127659574468077
2024-08-21,240,277,229,230,12945357,-0.04166666666666663
2024-08-22,233,236,222,224,1859615,-0.02608695652173909
2024-08-23,223,240,222,230,1606132,0.02678571428571419
2024-08-26,230,238,227,232,1028919,0.008695652173912993
2024-08-27,232,237,227,236,636986,0.01724137931034475
2024-08-28,237,237,230,230,337882,-0.025423728813559365
2024-08-29,227,239,225,229,795308,-0.004347826086956497
2024-08-30,228,235,227,229,582216,0.0
2024-09-02,237,237,228,234,676091,0.02183406113537112
2024-09-03,231,233,224,229,814684,-0.021367521367521403
2024-09-04,226,229,223,224,558669,-0.02183406113537123
2024-09-05,224,229,220,223,633574,-0.004464285714285698
2024-09-06,223,225,219,222,377927,-0.004484304932735439
2024-09-09,220,229,220,222,499713,0.0
2024-09-10,223,260,223,228,10000092,0.027027027027026973
2024-09-11,228,232,224,227,1060476,-0.004385964912280715
2024-09-12,226,237,225,228,1905783,0.004405286343612369
2024-09-13,242,265,227,227,20378835,-0.004385964912280715
2024-09-19,230,248,226,233,5842795,0.026431718061673992
2024-09-20,233,233,225,230,1671229,-0.012875536480686733
2024-09-23,230,232,226,227,626135,-0.013043478260869601
2024-09-24,224,232,224,231,1479780,0.017621145374449254
2024-09-25,245,300,244,300,28482123,0.2987012987012987
2024-09-26,309,324,269,287,76879625,-0.043333333333333335
2024-09-27,305,343,285,302,82958692,0.05226480836236935
2024-09-30,299,392,285,392,135913392,0.29801324503311255
2024-10-02,373,459,368,380,133694366,-0.030612244897959218
2024-10-04,391,430,385,401,37641739,0.0552631578947369
2024-10-07,402,507,402,458,88151484,0.14214463840398994
2024-10-08,470,499,427,427,56006069,-0.06768558951965065
2024-10-10,428,459,401,404,28969593,-0.05386416861826693
2024-10-11,405,419,372,380,16509799,-0.05940594059405946
2024-10-14,376,393,350,351,13679963,-0.07631578947368423
2024-10-15,353,357,327,337,10341150,-0.03988603988603989
2024-10-16,335,355,324,325,13751769,-0.035608308605341255
2024-10-17,331,400,324,364,78311081,0.1200000000000001
2024-10-18,358,370,344,348,17766233,-0.04395604395604391
2024-10-21,340,405,336,374,47732228,0.07471264367816088
2024-10-22,375,418,364,378,34745111,0.010695187165775444
2024-10-23,395,408,375,380,13328149,0.005291005291005346
2024-10-24,381,384,337,343,9638014,-0.09736842105263155
2024-10-25,346,347,317,323,6446378,-0.058309037900874605
2024-10-28,320,343,320,326,3929458,0.009287925696594534
2024-10-29,334,334,318,320,3108937,-0.018404907975460127
2024-10-30,320,339,320,326,5937478,0.018750000000000044
2024-10-31,330,336,321,328,3430534,0.006134969325153339
2024-11-01,329,353,323,330,10411001,0.0060975609756097615
2024-11-04,334,358,330,334,7079069,0.0121212121212122
2024-11-05,343,349,330,335,6317900,0.0029940119760478723
2024-11-06,333,335,302,316,5692342,-0.05671641791044779
2024-11-07,321,330,299,325,5581049,0.028481012658227778
2024-11-08,329,350,325,348,12948303,0.0707692307692307
2024-11-11,320,320,299,302,10478249,-0.13218390804597702
2024-11-12,305,305,269,276,6956233,-0.08609271523178808
2024-11-13,270,315,265,281,13962289,0.018115942028985588
2024-11-14,290,303,273,281,5116440,0.0
2024-11-15,288,294,273,284,4754687,0.01067615658362997
2024-11-18,280,288,274,276,2853923,-0.028169014084507005
2024-11-19,274,278,270,273,1737001,-0.010869565217391353
2024-11-20,273,276,260,264,2242166,-0.03296703296703296
2024-11-21,266,274,257,264,2300303,0.0
2024-11-22,268,283,266,272,4580483,0.030303030303030276
2024-11-25,276,280,270,277,2967739,0.018382352941176405
2024-11-26,277,282,270,273,1991096,-0.014440433212996373
2024-11-27,273,274,264,267,1480095,-0.02197802197802201
2024-11-28,266,270,266,266,1186642,-0.0037453183520599342
2024-11-29,265,267,258,260,1217629,-0.022556390977443663
2024-12-02,261,270,254,258,2000967,-0.007692307692307665
2024-12-03,261,335,259,335,62853586,0.29844961240310086
2024-12-04,332,352,312,324,36992616,-0.032835820895522394
2024-12-05,325,328,300,301,7883966,-0.07098765432098764
2024-12-06,303,315,273,282,8326851,-0.06312292358803984
2024-12-09,277,313,266,289,17978231,0.024822695035461084
2024-12-10,310,343,304,318,31969995,0.10034602076124566
2024-12-11,315,327,311,317,8031257,-0.0031446540880503138
2024-12-12,314,316,303,308,4315379,-0.028391167192429068
2024-12-13,305,310,299,305,3213277,-0.009740259740259716
2024-12-16,309,309,296,298,2729795,-0.022950819672131195
2024-12-17,300,301,288,294,2407498,-0.01342281879194629
2024-12-18,292,293,285,292,2157650,-0.006802721088435382
2024-12-19,289,291,283,289,1318876,-0.010273972602739767
2024-12-20,290,290,279,283,1371739,-0.02076124567474047
2024-12-23,282,288,280,283,1306119,0.0
2024-12-24,284,285,280,283,1187411,0.0
2024-12-26,285,302,285,286,6612001,0.010600706713780994
2024-12-27,282,285,273,275,2551601,-0.038461538461538436
2024-12-30,275,281,271,277,1039452,0.0072727272727273196
2025-01-02,276,284,273,282,942371,0.018050541516245522
2025-01-03,283,290,281,289,1622394,0.024822695035461084
2025-01-06,291,292,285,287,1326133,-0.00692041522491349
2025-01-07,293,307,290,293,4038057,0.020905923344947785
2025-01-08,296,296,286,289,1246099,-0.013651877133105783
2025-01-09,290,291,282,287,953152,-0.00692041522491349
2025-01-10,289,290,283,289,610467,0.006968641114982521
2025-01-13,288,292,281,283,1087214,-0.02076124567474047
2025-01-14,283,285,279,280,663323,-0.010600706713780883
2025-01-15,280,282,276,277,1516147,-0.010714285714285676
2025-01-16,279,281,276,279,717168,0.0072202166064982976
2025-01-17,277,294,275,283,5361395,0.014336917562723928
2025-01-20,285,288,274,274,2198788,-0.03180212014134276
2025-01-21,276,276,256,264,2573308,-0.03649635036496346
2025-01-22,261,268,261,264,1048775,0.0
2025-01-23,264,265,258,260,1025417,-0.015151515151515138
2025-01-24,260,272,256,259,1690035,-0.0038461538461538325
2025-01-31,271,298,258,259,14805075,0.0
2025-02-03,261,261,240,247,2324078,-0.04633204633204635
2025-02-04,247,261,247,258,2758915,0.044534412955465674
2025-02-05,260,260,249,253,1793900,-0.019379844961240345
2025-02-06,253,256,250,252,923399,-0.0039525691699604515
2025-02-07,255,255,247,254,1237425,0.007936507936507908
2025-02-10,258,265,249,254,1914870,0.0
2025-02-11,256,256,251,254,981299,0.0
2025-02-12,254,254,248,250,1357103,-0.015748031496062964
2025-02-13,250,261,247,255,2349806,0.020000000000000018
2025-02-14,256,256,251,252,1362150,-0.0117647058823529
2025-02-17,252,257,249,250,2100774,-0.007936507936507908
2025-02-18,251,255,248,254,1434346,0.016000000000000014
2025-02-19,255,256,251,255,1029055,0.003937007874015741
2025-02-20,263,277,256,257,4845244,0.007843137254901933
2025-02-21,256,260,250,258,2156612,0.0038910505836575737
2025-02-24,259,263,255,261,1849346,0.011627906976744207
2025-02-25,258,265,256,263,4746100,0.00766283524904221
2025-02-26,265,274,259,265,4587400,0.0076045627376426506
2025-02-27,266,268,262,263,1168780,-0.007547169811320753
2025-02-28,259,263,257,259,1546492,-0.01520912547528519
2025-03-04,259,259,246,251,2650371,-0.030888030888030937
2025-03-05,250,254,248,249,1147764,-0.007968127490039834
2025-03-06,250,250,241,244,2733121,-0.02008032128514059
2025-03-07,244,253,244,249,2056987,0.020491803278688492
2025-03-10,251,255,247,253,1754926,0.016064257028112428
2025-03-11,249,251,247,250,1267354,-0.011857707509881465
2025-03-12,250,254,247,252,2764473,0.008000000000000007
2025-03-13,256,256,246,247,2441757,-0.019841269841269882
2025-03-14,247,257,245,252,2072748,0.020242914979757165
2025-03-17,251,256,249,251,1326122,-0.003968253968253954
2025-03-18,249,253,248,249,1058339,-0.007968127490039834
2025-03-19,249,251,247,248,1433047,-0.004016064257028162
2025-03-20,248,249,246,248,1099629,0.0
2025-03-21,248,249,236,238,2928712,-0.040322580645161255
2025-03-24,238,246,231,243,1586550,0.021008403361344463
2025-03-25,242,249,238,247,3011074,0.016460905349794164
2025-03-26,245,251,244,249,1221808,0.00809716599190291
2025-03-27,251,251,242,243,1020384,-0.02409638554216864
2025-03-28,243,243,237,239,919281,-0.016460905349794275
2025-03-31,236,238,229,229,1271803,-0.04184100418410042
2025-04-01,231,239,229,238,1344582,0.0393013100436681
2025-04-02,242,242,231,233,715061,-0.021008403361344574
2025-04-03,232,244,227,237,1123399,0.01716738197424883
2025-04-04,236,240,230,237,1561972,0.0
2025-04-07,235,235,225,225,1502360,-0.05063291139240511
2025-04-08,227,249,226,229,3670035,0.01777777777777767
2025-04-09,227,228,203,204,3903788,-0.10917030567685593
2025-04-10,209,223,208,220,2534999,0.07843137254901955
2025-04-11,220,222,213,222,1471413,0.009090909090909038
2025-04-14,222,232,221,229,1858446,0.03153153153153143
2025-04-15,229,229,223,224,1156666,-0.02183406113537123
2025-04-16,224,226,221,225,1481973,0.0044642857142858094
2025-04-17,232,233,225,229,1482677,0.01777777777777767
2025-04-18,228,228,224,227,1187784,-0.008733624454148492
2025-04-21,228,228,222,227,1656322,0.0
2025-04-22,228,230,224,229,1901398,0.008810572687224738
2025-04-23,230,230,225,229,1090800,0.0
2025-04-24,229,233,227,229,1940468,0.0
2025-04-25,229,231,223,228,1738429,-0.004366812227074246
2025-04-28,228,228,223,223,1262703,-0.021929824561403466
2025-04-29,224,229,223,227,1337692,0.017937219730941756
2025-04-30,228,256,226,236,20151816,0.0396475770925111
2025-05-02,239,260,233,250,13069608,0.05932203389830515
2025-05-07,250,251,238,240,3578127,-0.040000000000000036
2025-05-08,241,243,236,240,1509754,0.0
2025-05-09,240,241,235,237,1999734,-0.012499999999999956
2025-05-12,236,242,235,239,3894718,0.00843881856540074
2025-05-13,245,255,238,240,11358904,0.004184100418409997
2025-05-14,238,239,231,232,5419765,-0.033333333333333326
2025-05-15,233,234,225,231,2306086,-0.004310344827586188
2025-05-16,230,233,227,231,2596788,0.0
2025-05-19,231,233,228,232,1491901,0.0043290043290042934
2025-05-20,230,238,230,236,2804679,0.01724137931034475
2025-05-21,236,236,232,233,2045361,-0.012711864406779627
2025-05-22,233,233,224,224,3387607,-0.03862660944206009
2025-05-23,224,227,221,224,1833140,0.0
2025-05-26,224,227,221,225,1820351,0.0044642857142858094
2025-05-27,225,225,220,220,1228317,-0.022222222222222254
2025-05-28,222,223,220,221,867353,0.00454545454545463
2025-05-29,221,225,220,224,718650,0.013574660633484115
2025-05-30,223,226,222,226,625439,0.008928571428571397
2025-06-02,225,233,223,231,1533008,0.022123893805309658
2025-06-04,233,240,227,238,5917604,0.030303030303030276
2025-06-05,234,238,230,232,2897050,-0.025210084033613467
2025-06-09,232,233,229,230,1787337,-0.008620689655172376
2025-06-10,230,254,229,237,27517745,0.0304347826086957
2025-06-11,240,265,237,248,23045346,0.04641350210970474
2025-06-12,248,248,238,239,6776841,-0.03629032258064513
2025-06-13,241,244,234,239,4417532,0.0
2025-06-16,239,239,227,237,2781865,-0.008368200836820106
2025-06-17,237,240,233,237,2703817,0.0
2025-06-18,237,237,233,235,2050971,-0.008438818565400852
2025-06-19,234,235,230,230,2133591,-0.021276595744680882
2025-06-20,230,251,228,241,10025739,0.047826086956521685
2025-06-23,234,235,228,231,4657420,-0.04149377593360992
2025-06-24,232,238,231,236,2968733,0.02164502164502169
2025-06-25,237,237,230,233,2646400,-0.012711864406779627
2025-06-26,232,232,226,228,2684991,-0.02145922746781115
2025-06-27,229,229,226,227,1292097,-0.004385964912280715
2025-06-30,227,228,223,226,1318851,-0.004405286343612369
2025-07-01,226,231,225,225,2182124,-0.004424778761061954
2025-07-02,230,240,227,235,10409599,0.04444444444444451
2025-07-03,235,239,229,232,7866636,-0.012765957446808529
2025-07-04,233,299,232,265,181375319,0.14224137931034475
2025-07-07,257,265,234,237,28660130,-0.10566037735849054
2025-07-08,239,252,235,238,20973186,0.00421940928270037
2025-07-09,238,244,236,238,7929748,0.0
2025-07-10,238,239,235,236,3513883,-0.008403361344537785
2025-07-11,234,239,234,236,3820907,0.0
2025-07-14,240,252,238,241,12229819,0.021186440677966045
2025-07-15,246,248,238,239,6930602,-0.008298755186721962
2025-07-16,241,256,238,249,15869816,0.04184100418410042
2025-07-17,252,252,244,248,5602877,-0.004016064257028162
2025-07-18,247,247,241,243,4239846,-0.020161290322580627
2025-07-21,242,249,241,246,2934625,0.012345679012345734
2025-07-22,247,250,242,244,4678018,-0.008130081300813052
2025-07-23,246,247,244,245,2819793,0.004098360655737654
2025-07-24,244,246,241,241,2699888,-0.01632653061224487
2025-07-25,242,242,238,239,5597605,-0.008298755186721962
2025-07-28,237,239,231,232,3871895,-0.029288702928870314
2025-07-29,233,233,229,233,2104275,0.004310344827586299
2025-07-30,234,234,229,230,1970293,-0.012875536480686733
2025-07-31,232,236,230,236,2936106,0.026086956521739202
2025-08-01,234,237,230,231,2079875,-0.021186440677966156
2025-08-04,231,235,228,231,2282494,0.0
2025-08-05,233,236,227,229,2626180,-0.008658008658008698
2025-08-06,228,242,226,235,7928692,0.026200873362445476
2025-08-07,236,239,232,234,2610100,-0.004255319148936176
2025-08-08,234,237,231,233,1873728,-0.004273504273504258
2025-08-11,233,235,230,232,1120019,-0.0042918454935622075
2025-08-12,231,235,231,232,1961922,0.0
2025-08-13,232,234,229,230,1852651,-0.008620689655172376
2025-08-14,229,231,228,230,1088618,0.0
2025-08-18,230,231,227,228,1475433,-0.008695652173912993
2025-08-19,230,239,227,236,5833642,0.03508771929824572
2025-08-20,237,238,233,237,2075719,0.004237288135593209
2025-08-21,237,238,234,237,1116351,0.0
2025-08-22,237,241,236,238,2246803,0.00421940928270037
2025-08-25,237,239,236,239,4646541,0.004201680672268893
2025-08-26,237,239,232,235,2706528,-0.01673640167364021
2025-08-27,235,235,228,231,2644274,-0.017021276595744705
2025-08-28,230,232,229,232,1675956,0.0043290043290042934
2025-08-29,232,234,229,231,1453723,-0.004310344827586188
2025-09-01,231,234,228,230,2437598,-0.0043290043290042934
2025-09-02,230,238,229,235,5506620,0.021739130434782705
2025-09-03,234,236,231,233,2384241,-0.008510638297872353
2025-09-04,233,238,232,234,2274401,0.0042918454935623185
2025-09-05,237,247,234,234,4417249,0.0
2025-09-08,234,234,231,233,2248949,-0.004273504273504258
2025-09-09,233,234,231,232,1279910,-0.0042918454935622075
2025-09-10,232,235,232,232,2453656,0.0
2025-09-11,232,233,231,233,1812279,0.004310344827586299
2025-09-12,233,233,231,233,963092,0.0
2025-09-15,233,235,231,232,2899676,-0.0042918454935622075
2025-09-16,233,233,226,227,4963541,-0.02155172413793105
2025-09-17,227,227,222,225,4780181,-0.008810572687224627
2025-09-18,226,238,226,233,10692303,0.03555555555555556
2025-09-19,234,236,230,232,4142983,-0.0042918454935622075
2025-09-22,235,250,235,245,13248529,0.056034482758620774
2025-09-23,252,253,239,244,10498682,-0.004081632653061273
2025-09-24,242,246,235,237,6777958,-0.02868852459016391
2025-09-25,237,239,234,238,2662995,0.00421940928270037
2025-09-26,239,241,234,237,2559518,-0.004201680672268893
2025-09-29,237,243,235,237,2241060,0.0
2025-09-30,235,235,228,230,3290941,-0.029535864978902926
2025-10-01,231,233,229,231,1062510,0.004347826086956497
2025-10-02,233,236,230,234,1327789,0.01298701298701288
2025-10-10,235,239,232,238,2434907,0.017094017094017033
2025-10-13,233,243,232,237,2836831,-0.004201680672268893
2025-10-14,238,240,234,236,3048821,-0.00421940928270037
2025-10-15,236,240,235,237,1513775,0.004237288135593209
2025-10-16,238,241,236,236,3220016,-0.00421940928270037
2025-10-17,237,239,233,236,2994604,0.0
2025-10-20,235,238,234,235,2115476,-0.004237288135593209
2025-10-21,236,243,235,236,4571276,0.004255319148936065
